1	2
2	3
3	4
4	5
5	6
6	4
4	7
7	8
8	9
9	10
10	10
10	6
6	6
6	11
11	11
11	4
4	4
4	6
6	12
12	6
6	13
13	6
6	6
6	14
14	12
12	6
6	15
15	16
16	17
17	6
6	18
18	19
19	19
19	20
20	20
20	6
6	20
20	21
21	19
19	19
19	19
19	22
22	22
22	22
22	6
6	6
6	6
6	23
23	4
4	24
24	6
6	6
6	1
1	24
24	25
25	24
24	6
6	24
24	24
24	26
26	24
24	26
26	27
27	15
15	4
4	28
28	6
6	4
4	29
29	30
30	31
31	30
30	30
30	28
28	31
31	30
30	31
31	31
31	30
30	31
31	22
22	22
22	22
22	22
22	32
32	32
32	32
32	22
22	22
22	22
22	22
22	33
33	33
33	33
33	34
34	33
33	33
33	33
33	33
33	34
34	24
24	34
34	34
34	34
34	34
34	35
35	35
35	35
35	35
35	35
35	35
35	6
6	36
36	28
28	9
9	9
9	25
25	9
9	14
14	6
6	14
14	9
9	6
6	9
9	6
6	14
14	30
30	6
6	37
37	38
38	39
39	6
6	40
40	41
41	6
6	42
42	40
40	43
43	25
25	44
44	43
43	43
43	44
44	44
44	44
44	41
41	41
41	41
41	45
45	46
46	6
6	6
6	36
36	47
47	12
12	47
47	9
9	47
47	47
47	48
48	49
49	50
50	17
17	6
6	51
51	22
22	52
52	6
6	39
39	47
47	47
47	22
22	22
22	22
22	22
22	6
6	28
28	46
46	6
6	4
4	4
4	9
9	12
12	12
12	8
8	9
9	7
7	13
13	53
53	6
6	9
9	9
9	6
6	54
54	6
6	55
55	6
6	56
56	6
6	4
4	4
4	53
53	12
12	6
6	6
6	11
11	4
4	57
57	4
4	6
6	7
7	6
6	12
12	6
6	6
6	58
58	59
59	60
60	60
60	61
61	60
60	62
62	60
60	62
62	63
63	64
64	65
65	66
66	67
67	63
63	68
68	63
63	60
60	60
60	64
64	60
60	69
69	70
70	60
60	60
60	60
60	71
71	72
72	72
72	60
60	60
60	60
60	64
64	69
69	60
60	73
73	68
68	74
74	74
74	65
65	75
75	76
76	67
67	60
60	64
64	60
60	68
68	62
62	75
75	60
60	60
60	77
77	77
77	77
77	62
62	62
62	67
67	75
75	60
60	60
60	78
78	78
78	79
79	80
80	60
60	81
81	60
60	82
82	62
62	66
66	73
73	83
83	83
83	62
62	62
62	64
64	67
67	84
84	85
85	66
66	83
83	83
83	86
86	60
60	60
#
2	87
87	41
41	87
87	87
87	87
87	87
87	88
88	87
87	89
89	35
35	35
35	90
90	35
35	54
54	35
35	57
57	35
35	35
35	35
35	35
35	35
35	35
35	35
35	43
43	43
43	43
43	43
43	47
47	47
47	47
47	91
91	92
92	11
11	93
93	93
93	93
93	94
94	24
24	24
24	41
41	41
41	41
41	25
25	95
95	96
96	97
97	96
96	98
98	99
99	100
100	96
96	9
9	101
101	102
102	103
103	59
59	97
97	104
104	60
60	71
71	96
96	60
60	60
60	64
64	70
70	60
60	72
72	60
60	60
60	73
73	60
60	60
60	60
60	86
86	86
86	86
86	105
105	106
106	107
107	108
108	109
109	109
109	109
109	109
109	109
109	84
84	108
108	67
67	108
108	71
71	110
110	110
110	108
108	107
107	111
111	111
111	112
112	107
107	113
113	113
113	113
113	108
108	107
107	107
107	114
114	114
114	106
106	108
108	107
107	107
107	113
113	113
113	115
115	109
109	109
109	109
109	109
109	106
106	106
106	106
106	106
106	106
106	114
114	114
114	114
114	114
114	114
114	108
108	107
107	116
116	116
116	107
107	117
117	115
115	115
115	115
115	108
108	114
114	114
114	114
114	114
114	109
109	108
108	107
107	107
107	113
113	113
113	113
113	108
108	107
107	107
107	114
114	114
114	115
115	108
108	107
107	107
107	118
118	113
113	113
113	113
113	109
109	109
109	109
109	114
114	114
114	114
114	114
114	114
114	114
114	119
119	107
107	107
107	108
108	115
115	115
115	115
115	108
108	107
107	107
107	114
114	114
114	114
114	108
108	107
107	108
#
120	35
35	20
20	35
35	35
35	35
35	35
35	35
35	35
35	121
121	35
35	57
57	57
57	57
57	57
57	57
57	35
35	35
35	122
122	43
43	122
122	47
47	47
47	47
47	47
47	47
47	91
91	123
123	11
11	92
92	93
93	93
93	93
93	124
124	125
125	126
126	102
102	127
127	96
96	97
97	128
128	31
31	98
98	99
99	100
100	9
9	101
101	97
97	96
96	129
129	104
104	101
101	129
129	5
5	128
128	130
130	131
131	132
132	101
101	104
104	129
129	98
98	133
133	134
134	132
132	101
101	9
9	135
135	9
9	136
136	132
132	137
137	138
138	132
132	5
5	135
135	132
132	132
132	139
139	132
132	133
133	8
8	9
9	132
132	132
132	140
140	89
89	25
25	87
87	87
87	141
141	141
141	141
141	132
132	132
132	142
142	142
142	143
143	132
132	144
144	132
132	145
145	5
5	21
21	132
132	13
13	101
101	132
132	5
5	101
101	146
146	132
132	101
101	132
132	147
147	120
120	32
32	87
87	44
44	87
87	87
87	141
141	87
87	44
44	44
44	44
44	87
87	141
141	141
141	87
87	87
87	50
50	28
28	50
50	21
21	89
89	9
9	148
148	149
149	148
148	149
149	149
149	93
93	93
93	93
93	150
150	151
151	27
27	131
131	150
150	150
150	50
50	27
27	150
150	95
95	58
58	152
152	152
152	153
153	154
154	76
76	76
76	63
63	155
155	76
76	67
67	76
76	67
67	111
111	153
153	156
156	157
157	158
158	153
153	153
153	153
153	153
153	86
86	159
#
160	144
144	47
47	47
47	47
47	47
47	47
47	47
47	89
89	43
43	43
43	47
47	47
47	47
47	47
47	92
92	91
91	11
11	93
93	93
93	93
93	94
94	24
24	24
24	24
24	41
41	41
41	41
41	141
141	141
141	32
32	142
142	161
161	142
142	50
50	162
162	96
96	97
97	98
98	16
16	99
99	99
99	100
100	9
9	96
96	101
101	97
97	104
104	96
96	96
96	96
96	101
101	163
163	164
164	165
165	140
140	166
166	80
80	80
80	167
167	165
165	168
168	165
165	84
84	70
70	84
84	165
165	169
169	165
165	165
165	65
65	72
72	170
170	67
67	165
165	165
165	66
66	171
171	165
165	84
84	84
84	84
84	165
165	66
66	165
165	172
172	172
172	170
170	173
173	174
174	165
165	68
68	175
175	61
61	67
67	165
165	170
170	169
169	165
165	171
171	165
165	176
176	177
177	170
170	173
173	165
165	63
63	63
63	67
67	165
165	165
165	63
63	165
165	67
67	67
67	173
173	165
165	165
165	165
165	143
143	165
165	100
#
178	41
41	11
11	41
41	41
41	41
41	94
94	94
94	89
89	91
91	41
41	24
24	41
41	41
41	41
41	41
41	24
24	24
24	24
24	41
41	41
41	41
41	41
41	141
141	179
179	141
141	141
141	11
11	19
19	19
19	19
19	19
19	50
50	180
180	180
180	88
88	128
128	181
181	181
181	98
98	98
98	5
5	26
26	99
99	100
100	182
182	9
9	181
181	183
183	181
181	181
181	38
38	181
181	5
5	131
131	183
183	181
181	181
181	183
183	181
181	104
104	133
133	134
134	101
101	137
137	184
184	184
184	181
181	138
138	12
12	101
101	181
181	13
13	12
12	181
181	12
12	12
12	181
181	185
185	181
181	128
128	133
133	101
101	12
12	181
181	133
133	101
101	12
12	145
145	181
181	181
181	101
101	181
181	182
182	183
183	183
183	133
133	181
181	146
146	12
12	181
181	181
181	186
186	147
147	147
#
178	41
41	24
24	41
41	94
94	94
94	41
41	41
41	41
41	41
41	41
41	89
89	89
89	91
91	41
41	41
41	41
41	24
24	24
24	24
24	24
24	41
41	41
41	25
25	126
126	95
95	142
142	50
50	50
50	53
53	180
180	180
180	97
97	96
96	98
98	99
99	7
7	99
99	9
9	9
9	100
100	101
101	96
96	97
97	104
104	96
96	96
96	96
96	101
101	163
163	164
164	187
187	69
69	187
187	140
140	84
84	70
70	63
63	169
169	187
187	154
154	188
188	72
72	188
188	68
68	65
65	188
188	187
187	188
188	188
188	178
178	36
36	22
22	55
55	53
53	22
22	12
12	9
9	46
46	9
9	148
148	9
9	37
37	189
189	87
87	19
19	87
87	87
87	19
19	19
19	49
49	190
190	132
132	191
191	95
95	95
95	95
95	133
133	9
9	9
9	132
132	7
7	134
134	132
132	132
132	8
8	132
132	55
55	132
132	28
28	13
13	139
139	133
133	55
55	8
8	9
9	132
132	132
132	9
9	132
132	8
8	132
132	132
132	147
147	133
133	7
7	132
132	9
9	192
192	132
132	132
132	132
132	8
8	132
132	147
#
178	41
41	41
41	41
41	41
41	41
41	94
94	94
94	41
41	41
41	41
41	41
41	41
41	189
189	24
24	24
24	24
24	41
41	41
41	41
41	141
141	141
141	179
179	141
141	141
141	11
11	19
19	19
19	19
19	50
50	91
91	88
88	128
128	180
180	180
180	181
181	181
181	98
98	99
99	99
99	100
100	181
181	93
93	181
181	181
181	181
181	49
49	49
49	128
128	128
128	181
181	181
181	130
130	12
12	131
131	181
181	181
181	181
181	104
104	133
133	133
133	134
134	101
101	193
193	37
37	181
181	183
183	17
17	181
181	101
101	181
181	194
194	195
195	164
164	165
165	174
174	170
170	63
63	67
67	69
69	63
63	165
165	165
165	63
63	165
165	169
169	165
165	165
165	165
165	196
196	196
#
178	41
41	41
41	94
94	41
41	41
41	41
41	41
41	189
189	24
24	24
24	24
24	41
41	41
41	41
41	41
41	141
141	141
141	127
127	127
127	197
197	25
25	198
198	199
199	141
141	141
141	141
141	200
200	141
141	141
141	141
141	179
179	179
179	141
141	141
141	141
141	141
141	199
199	179
179	179
179	179
179	179
179	19
19	19
19	19
19	201
201	44
44	44
44	19
19	201
201	202
202	203
203	202
202	50
50	50
50	50
50	50
50	53
53	130
130	91
91	135
135	180
180	180
180	91
91	204
204	31
31	205
205	54
54	206
206	99
99	207
207	208
208	28
28	9
9	9
9	9
9	9
9	100
100	209
209	207
207	207
207	210
210	137
137	137
137	104
104	208
208	204
204	8
8	9
9	9
9	207
207	210
210	211
211	212
212	204
204	212
212	213
213	213
213	213
213	198
198	33
33	202
202	33
33	33
33	19
19	204
204	212
212	130
130	210
210	214
214	103
103	164
164	174
174	170
170	170
170	84
84	173
173	154
154	174
174	176
176	67
67	66
66	71
71	66
66	169
169	174
174	84
84	70
70	66
66	66
66	66
66	174
174	63
63	174
174	174
174	66
66	66
66	66
66	174
174	173
173	65
65	215
215	174
174	166
166	166
166	173
173	174
174	216
216	174
174	217
217	170
170	173
173	174
174	67
67	174
174	68
68	63
63	174
174	174
174	169
169	174
174	173
173	61
61	170
170	170
170	76
76	67
67	66
66	174
174	174
174	76
76	84
84	174
174	174
174	105
105	174
174	174
174	218
218	219
219	219
219	219
219	220
220	220
220	221
221	221
221	219
219	219
219	222
222	223
223	5
5	8
8	222
222	223
223	223
223	12
12	222
222	130
130	209
209	224
224	224
224	225
225	220
220	220
220	46
46	222
222	222
222	221
221	221
221	222
222	219
219	219
219	222
222	221
221	221
221	222
#
160	25
25	25
25	127
127	141
141	127
127	141
141	141
141	141
141	141
141	141
141	141
141	141
141	141
141	141
141	141
141	226
226	226
226	141
141	179
179	141
141	141
141	141
141	141
141	179
179	11
11	32
32	142
142	50
50	91
91	181
181	98
98	28
28	93
93	99
99	7
7	227
227	93
93	181
181	146
146	5
5	181
181	147
#
178	32
32	32
32	19
19	19
19	19
19	19
19	19
19	19
19	19
19	19
19	19
19	19
19	19
19	19
19	11
11	57
57	57
57	57
57	57
57	19
19	19
19	19
19	19
19	19
19	19
19	50
50	180
180	91
91	180
180	50
50	53
53	130
130	130
130	88
88	4
4	228
228	229
229	134
134	230
230	22
22	31
31	31
31	231
231	13
13	232
232	4
4	36
36	232
232	9
9	9
9	9
9	233
233	9
9	228
228	56
56	56
#
178	57
57	57
57	57
57	57
57	57
57	32
32	57
57	57
57	57
57	57
57	234
234	57
57	57
57	19
19	19
19	19
19	19
19	19
19	19
19	19
19	19
19	50
50	57
57	180
180	91
91	180
180	31
31	184
184	31
31	22
22	22
22	22
22	31
31	31
31	22
22	22
22	22
22	22
22	54
54	226
226	54
54	54
54	54
54	54
54	54
54	54
54	54
54	28
28	32
32	91
91	98
98	100
100	235
235	98
98	235
235	9
9	9
9	104
104	101
101	128
128	135
135	101
101	101
101	235
235	90
90	185
185	235
235	103
103	164
164	187
187	169
169	187
187	187
187	187
187	236
236	80
80	82
82	170
170	170
170	67
67	66
66	187
187	237
237	187
187	237
237	61
61	154
154	188
188	188
188	187
187	187
187	238
238	187
187	239
239	240
240	241
241	242
242	240
240	240
240	241
241	53
53	241
241	12
12	241
241	224
224	130
130	241
241	55
55	243
243	241
241	8
8	241
241	225
225	244
244	241
241	55
55	241
241	245
245	241
241	241
241	241
241	246
246	241
241	241
241	247
247	248
248	247
247	247
247	189
189	247
247	247
247	247
247	248
248	241
241	241
241	241
241	241
241	241
241	241
241	249
#
2	144
144	54
54	54
54	54
54	54
54	54
54	54
54	54
54	234
234	54
54	54
54	54
54	54
54	54
54	54
54	54
54	54
54	54
54	54
54	54
54	179
179	19
19	19
19	87
87	87
87	87
87	87
87	87
87	87
87	87
87	250
250	28
28	250
250	34
34	34
34	100
100	251
251	16
16	101
101	102
102	252
252	98
98	181
181	101
101	104
104	140
140	31
31	139
139	33
33	128
128	22
22	128
128	181
181	101
101	130
130	9
9	5
5	253
253	181
181	93
93	181
181	98
98	44
44	101
101	181
181	31
31	138
138	181
181	131
131	181
181	139
139	57
57	139
139	181
181	9
9	134
134	66
66	181
181	185
185	184
184	254
254	128
128	101
101	181
181	181
181	145
145	31
31	142
142	19
19	142
142	57
57	140
140	181
181	101
101	5
5	181
181	54
54	128
128	181
181	181
181	142
142	44
44	133
133	181
181	27
27	181
181	22
22	181
181	181
181	134
134	255
255	131
131	184
184	147
147	184
184	181
181	147
147	1
1	256
256	5
5	257
257	256
256	256
256	55
55	1
1	213
#
160	25
25	25
25	87
87	87
87	87
87	87
87	87
87	87
87	87
87	87
87	87
87	87
87	87
87	87
87	87
87	89
89	87
87	87
87	87
87	87
87	87
87	87
87	250
250	16
16	16
16	28
28	250
250	100
100	251
251	101
101	229
229	34
34	34
34	44
44	44
44	44
44	44
44	44
44	44
44	44
44	16
16	16
16	7
7	104
104	8
8	9
9	101
101	141
141	141
141	258
258	141
141	141
141	141
141	141
141	141
141	141
141	31
31	141
141	19
19	19
19	19
19	19
19	19
19	19
19	19
19	19
19	19
19	19
19	33
33	33
33	33
33	22
22	22
22	22
22	22
22	22
22	22
22	22
22	22
22	36
36	46
46	9
9	253
253	101
101	258
258	9
9	104
104	93
93	98
98	259
259	259
259	101
101	145
145	138
138	138
138	7
7	101
101	135
135	9
9	5
5	259
259	259
259	259
259	134
134	185
185	131
131	101
101	259
259	260
260	126
126	149
149	35
35	34
34	259
259	259
259	128
128	9
9	259
259	101
101	259
259	259
259	186
186	259
259	261
261	101
101	146
146	261
261	1
1	128
128	261
261	259
259	133
133	261
261	213
213	147
147	259
259	259
259	89
89	122
122	122
122	122
122	19
19	19
19	19
19	19
19	34
34	34
34	34
34	34
34	20
20	259
259	102
102	146
146	259
259	261
261	147
147	261
261	259
#
239	256
256	5
5	262
262	262
262	256
256	12
12	9
9	55
55	262
262	213
213	256
256	57
57	18
18	263
263	263
263	264
264	262
262	262
262	5
5	93
93	93
93	262
262	262
262	190
190	262
262	56
#
120	256
256	5
5	262
262	262
262	257
257	256
256	9
9	93
93	12
12	9
9	257
257	265
265	213
213	213
213	257
257	257
257	18
18	263
263	263
263	264
264	257
257	257
257	253
253	93
93	93
93	257
257	56
#
239	256
256	256
256	266
266	5
5	256
256	262
262	262
262	213
213	18
18	32
32	44
44	44
44	262
262	263
263	262
262	264
264	5
5	264
264	56
56	262
#
120	256
256	5
5	266
266	256
256	266
266	213
213	267
267	266
266	266
266	89
89	263
263	141
141	141
141	141
141	141
141	141
141	141
141	31
31	25
25	256
256	5
5	266
266	266
266	266
266	266
266	13
13	100
100	56
#
2	32
32	250
250	36
36	36
36	53
53	9
9	182
182	9
9	12
12	250
250	182
182	15
15	9
9	268
268	91
91	34
34	34
34	44
44	44
44	32
32	269
269	270
270	270
270	271
271	141
141	141
141	141
141	49
49	141
141	141
141	141
141	270
270	31
31	141
141	31
31	31
31	31
31	31
31	141
141	141
141	270
270	31
31	33
33	33
33	31
31	33
33	33
33	33
33	272
272	37
37	272
272	273
273	268
268	185
185	273
273	19
19	269
269	17
17	130
130	185
185	274
274	9
9	253
253	275
275	211
211	93
93	276
276	9
9	274
274	185
185	276
276	274
274	274
274	9
9	275
275	185
185	277
277	276
276	136
136	8
8	9
9	27
27	211
211	103
103	103
103	164
164	174
174	84
84	170
170	170
170	173
173	71
71	66
66	67
67	66
66	84
84	84
84	174
174	66
66	169
169	176
176	173
173	174
174	71
71	69
69	173
173	174
174	81
81	174
174	68
68	174
174	173
173	174
174	173
173	170
170	170
170	67
67	66
66	84
84	84
84	84
84	174
174	174
174	278
278	81
81	169
169	174
174	46
46	236
236	167
167	167
167	167
167	174
174	174
174	174
174	279
279	169
169	170
170	170
170	174
174	67
67	66
66	68
68	278
278	164
164	174
174	174
174	84
84	170
170	170
170	174
174	84
84	84
84	70
70	66
66	66
66	174
174	118
118	279
279	279
279	279
279	166
166	166
166	279
279	84
84	278
278	215
215	174
174	170
170	175
175	66
66	174
174	154
154	174
174	124
124	61
61	280
280	174
174	174
174	174
174	174
#
2	144
144	34
34	34
34	34
34	57
57	34
34	57
57	34
34	234
234	34
34	34
34	34
34	44
44	44
44	44
44	44
44	44
44	44
44	44
44	44
44	44
44	44
44	36
36	136
136	21
21	36
36	8
8	12
12	89
89	141
141	141
141	141
141	141
141	31
31	19
19	19
19	19
19	128
128	250
250	250
250	281
281	282
282	93
93	98
98	282
282	133
133	282
282	9
9	169
169	282
282	283
283	282
282	13
13	100
100	282
282	5
5	190
190	190
190	282
282	284
284	284
284	103
103	285
285	286
286	287
287	84
84	286
286	286
286	286
286	285
285	73
73	112
112	66
66	66
66	285
285	67
67	84
84	171
171	84
84	70
70	66
66	66
66	9
9	285
285	68
68	215
215	288
288	285
285	285
285	65
65	287
287	285
285	285
285	286
286	66
66	287
287	287
287	237
237	285
285	282
282	289
#
178	290
290	141
141	141
141	141
141	141
141	141
141	141
141	141
141	226
226	141
141	141
141	291
291	184
184	90
90	31
31	31
31	141
141	141
141	141
141	141
141	31
31	141
141	141
141	21
21	19
19	19
19	33
33	19
19	258
258	22
22	22
22	32
32	87
87	22
22	22
22	22
22	87
87	87
87	87
87	22
22	22
22	22
22	292
292	22
22	35
35	35
35	35
35	22
22	22
22	22
22	22
22	22
22	22
22	22
22	22
22	22
22	175
175	175
175	250
250	175
175	46
46	175
175	36
36	136
136	130
130	250
250	293
293	9
9	41
41	258
258	144
144	41
41	41
41	41
41	44
44	144
144	41
41	41
41	41
41	41
41	44
44	44
44	41
41	37
37	54
54	54
54	93
93	93
93	294
294	54
54	54
54	37
37	47
47	47
47	47
47	54
54	54
54	54
54	47
47	36
36	136
136	9
9	46
46	9
9	9
9	57
57	57
57	57
57	57
57	91
91	141
141	141
141	292
292	141
141	141
141	141
141	141
141	87
87	141
141	141
141	141
141	28
28	9
9	295
295	296
296	297
297	47
47	298
298	296
296	295
295	144
144	295
295	297
297	47
47	47
47	47
47	47
47	47
47	296
296	295
295	295
295	47
47	299
299	226
226	47
47	47
47	47
47	47
47	47
47	295
295	300
300	299
299	19
19	300
300	299
299	19
19	19
19	299
299	33
33	19
19	19
19	19
19	33
33	300
300	301
301	301
301	302
302	302
302	19
19	57
57	301
301	302
302	302
302	302
302	301
301	34
34	35
35	34
34	35
35	296
296	34
34	35
35	300
300	35
35	192
192	192
192	192
192	296
296	27
27	296
296	296
296	303
303	54
54	296
296	137
137	137
137	137
137	137
137	137
137	137
137	137
137	137
137	137
137	298
298	303
303	54
54	54
54	41
41	54
54	41
41	54
54	54
54	54
54	296
296	296
296	192
192	296
296	143
143	143
143	143
143	296
296	192
192	192
192	296
#
178	141
141	141
141	141
141	90
90	20
20	20
20	141
141	141
141	226
226	141
141	141
141	89
89	20
20	31
31	31
31	141
141	141
141	141
141	141
141	37
37	123
123	21
21	21
21	19
19	19
19	123
123	19
19	123
123	19
19	19
19	19
19	123
123	122
122	292
292	22
22	22
22	22
22	22
22	22
22	87
87	87
87	22
22	22
22	22
22	123
123	250
250	250
250	36
36	304
304	41
41	41
41	41
41	123
123	305
305	41
41	304
304	306
306	41
41	306
306	307
307	41
41	308
308	308
308	41
41	41
41	41
41	308
308	43
43	43
43	43
43	41
41	41
41	41
41	308
308	16
16	309
309	7
7	31
31	310
310	31
31	9
9	36
36	175
175	175
175	9
9	135
135	309
309	9
9	91
91	9
9	193
193	193
193	38
38	54
54	93
93	54
54	54
54	93
93	311
311	37
37	54
54	54
54	54
54	47
47	47
47	47
47	312
312	47
47	47
47	47
47	47
47	54
54	54
54	54
54	54
54	54
54	313
313	309
309	36
36	7
7	47
47	47
47	47
47	135
135	91
91	9
9	9
9	193
193	275
275	34
34	57
57	57
57	34
34	57
57	313
313	34
34	34
34	34
34	34
34	34
34	34
34	312
312	313
313	34
34	34
34	34
34	57
57	313
313	57
57	34
34	34
34	313
313	313
313	309
309	50
50	100
100	27
27	8
8	141
141	9
9	141
141	141
141	91
91	275
275	193
193	314
314	141
141	141
141	141
141	143
143	314
314	254
254	141
141	141
141	309
309	254
254	141
141	254
254	254
254	254
254	127
127	127
127	314
314	127
127	141
141	141
141	141
141	87
87	314
314	36
36	309
309	7
7	47
47	315
315	30
30	30
30	9
9	9
9	9
9	8
8	275
275	193
193	175
175	175
175	9
9	175
175	316
316	47
47	38
38	38
38	31
31	31
31	47
47	47
47	47
47	315
315	28
28	47
47	47
47	31
31	31
31	31
31	31
31	47
47	47
47	47
47	47
47	315
315	315
315	47
47	19
19	19
19	19
19	33
33	33
33	22
22	22
22	317
317	136
136	312
312	22
22	22
22	22
22	33
33	226
226	33
33	33
33	19
19	19
19	19
19	317
317	19
19	19
19	19
19	19
19	19
19	19
19	19
19	33
33	19
19	317
317	33
33	19
19	19
19	34
34	34
34	317
317	57
57	19
19	19
19	57
57	57
57	19
19	318
318	57
57	57
57	57
57	34
34	34
34	34
34	35
35	35
35	35
35	318
318	318
318	318
318	16
16	309
309	27
27	34
34	34
34	34
34	91
91	275
275	192
192	192
192	9
9	311
311	8
8	9
9	193
193	193
193	309
309	193
193	311
311	175
175	143
143	175
175	54
54	54
54	54
54	311
311	41
41	41
41	54
54	54
54	54
54	41
41	314
314	54
54	54
54	54
54	41
41	54
54	54
54	54
54	50
50	309
309	47
47	53
53	47
47	135
135	47
47	47
47	319
319	9
9	9
9	91
91	9
9	275
275	271
271	193
193	320
320	47
47	47
47	47
47	47
47	315
315	47
47	315
315	36
36	309
309	27
27	22
22	8
8	22
22	130
130	275
275	319
319	9
9	9
9	305
305	304
304	192
192	193
193	91
91	182
182	143
143	269
269	321
321	269
269	276
276	309
309	7
7	9
9	321
321	25
25	9
9	192
192	192
192	192
192	307
307	211
211	51
51	91
91	141
141	141
141	141
141	141
141	141
141	141
141	141
141	127
127	141
141	141
141	141
141	141
141	309
309	54
54	145
145	54
54	54
54	101
101	136
136	31
31	31
31	144
144	320
320	321
321	321
321	304
304	320
320	54
54	88
88	320
320	320
320	31
31	33
33	273
273	22
22	273
273	33
33	273
273	34
34	34
34	307
307	34
34	271
271	307
307	24
24	307
307	307
307	7
7	130
130	9
9	192
192	9
9	9
9	28
28	134
134	275
275	321
321	321
321	269
269	276
276	134
134	9
9	130
130	193
193	186
186	321
321	321
321	307
307	22
22	276
276	9
9	17
17	9
9	211
211	143
143	186
186	304
304	304
304	269
269	57
57	269
269	269
269	9
9	9
9	27
27	9
9	9
9	9
9	186
186	143
143	9
9	321
321	321
321	179
179	273
273	276
276	9
9	211
211	9
9	275
275	186
186	321
321	321
321	43
43	320
320	307
307	47
47	277
277	19
19	277
277	57
57	307
307	87
87	307
307	307
307	7
7	192
192	9
9	55
55	37
37	186
186	304
304	44
44	307
307	307
307	304
304	99
99	9
9	186
186	275
275	141
141	320
320	320
320	304
304	9
9	186
186	87
87	277
277	269
269	9
9	9
9	211
211	293
293	49
49	9
9	134
134	321
321	55
55	186
186	304
304	320
320	134
134	9
9	7
7	9
9	9
9	186
186	193
193	275
275	321
321	321
321	304
304	320
320	320
320	320
320	53
53	55
55	322
322	321
321	304
304	304
304	195
195	287
287	164
164	187
187	167
167	167
167	170
170	170
170	175
175	67
67	187
187	69
69	76
76	323
323	172
172	66
66	66
66	66
66	187
187	187
187	169
169	324
324	187
187	143
143	324
324	170
170	175
175	75
75	143
143	187
187	187
187	324
324	324
324	279
279	324
324	170
170	278
278	84
84	84
84	187
187	173
173	170
170	278
278	65
65	187
187	192
192	66
66	70
70	187
187	173
173	325
325	323
323	173
173	187
187	187
187	326
326	173
173	175
175	323
323	323
323	187
187	326
326	173
173	170
170	170
170	118
118	61
61	67
67	66
66	66
66	187
187	173
173	327
327	327
327	327
327	169
169	187
187	73
73	187
187	326
326	170
170	66
66	187
187	192
192	287
287	187
187	187
187	326
326	84
84	175
175	278
278	278
278	278
278	187
187	326
326	187
187	326
326	63
63	75
75	67
67	75
75	328
328	63
63	187
187	187
187	217
217	217
217	187
187	236
236	327
327	167
167	167
167	167
167	167
167	279
279	69
69	67
67	192
192	67
67	81
81	287
287	187
187	187
187	187
187	170
170	170
170	67
67	287
287	110
110	187
187	329
329	187
187	187
187	170
170	67
67	81
81	110
110	110
110	110
110	110
110	187
187	170
170	170
170	110
110	67
67	67
67	278
278	278
278	187
187	187
187	61
61	187
187	78
78	330
330	80
80	80
80	329
329	331
331	332
332	217
217	329
329	332
332	217
217	332
332	333
333	78
78	63
63	75
75	175
175	67
67	75
75	75
75	187
187	170
170	170
170	67
67	110
110	175
175	187
187	69
69	65
65	187
187	187
187	280
280	187
187	238
238	192
192	334
334	335
#
178	31
31	31
31	31
31	31
31	263
263	31
31	89
89	89
89	141
141	141
141	141
141	141
141	141
141	31
31	141
141	37
37	21
21	33
33	37
37	33
33	33
33	33
33	33
33	33
33	19
19	1
1	263
263	263
263	25
25	19
19	310
310	336
336	21
21	268
268	88
88	19
19	310
310	19
19	19
19	19
19	19
19	19
19	19
19	19
19	310
310	33
33	33
33	19
19	19
19	33
33	33
33	19
19	268
268	19
19	315
315	22
22	22
22	22
22	22
22	315
315	87
87	87
87	35
35	35
35	22
22	87
87	22
22	22
22	36
36	309
309	41
41	41
41	250
250	7
7	36
36	130
130	250
250	91
91	305
305	275
275	135
135	311
311	193
193	193
193	193
193	309
309	311
311	41
41	258
258	175
175	175
175	41
41	41
41	309
309	41
41	41
41	308
308	43
43	43
43	41
41	41
41	308
308	16
16	309
309	7
7	31
31	9
9	31
31	31
31	337
337	135
135	91
91	310
310	193
193	310
310	310
310	93
93	104
104	274
274	93
93	274
274	269
269	269
269	276
276	309
309	12
12	7
7	9
9	9
9	211
211	274
274	274
274	192
192	143
143	275
275	277
277	57
57	276
276	309
309	100
100	9
9	274
274	274
274	337
337	309
309	307
307	254
254	307
307	309
309	9
9	27
27	9
9	136
136	275
275	337
337	274
274	274
274	31
31	320
320	320
320	19
19	277
277	33
33	268
268	277
277	19
19	19
19	269
269	57
57	269
269	276
276	309
309	8
8	192
192	9
9	7
7	274
274	307
307	309
309	309
309	275
275	54
54	307
307	307
307	309
309	9
9	274
274	274
274	136
136	337
337	44
44	320
320	309
309	274
274	274
274	38
38	337
337	269
269	22
22	276
276	276
276	309
309	9
9	8
8	9
9	275
275	274
274	274
274	141
141	307
307	309
309	338
338	73
73	105
105	158
158	337
337	339
339	30
30	331
331	217
217	217
217	333
333	333
333	80
80	80
80	166
166	166
166	166
166	166
166	340
340	340
340	111
111	63
63	63
63	278
278	66
66	67
67	176
176	66
66	172
172	66
66	63
63	167
167	339
339	167
167	167
167	167
167	81
81	155
155	338
338	172
172	68
68	172
172	80
80	340
340	66
66	66
66	338
338	172
172	172
172	166
166	166
166	166
166	172
172	338
338	167
167	155
155	68
68	167
167	167
167	340
340	340
340	340
340	338
338	175
175	67
67	339
339	61
61	155
155	75
75	338
338	66
66	81
81	63
63	63
63	172
172	172
172	333
333	166
166	166
166	166
166	341
341	166
166	166
166	166
166	80
80	157
157	80
80	80
80	340
340	340
340	63
63	67
67	63
63	153
153	216
216	172
172	172
172	172
172	166
166	166
166	340
340	155
155	153
153	66
66	153
153	172
172	153
153	153
153	68
68	153
153	280
280	167
167	342
342	340
340	340
340	67
67	153
153	66
66	66
66	153
153	81
81	153
153	155
155	343
343	80
80	80
80	153
153	153
153	344
#
178	31
31	31
31	31
31	31
31	263
263	263
263	31
31	31
31	31
31	141
141	141
141	141
141	141
141	31
31	31
31	141
141	141
141	37
37	33
33	19
19	33
33	21
21	19
19	19
19	19
19	33
33	33
33	33
33	32
32	231
231	4
4	250
250	36
36	250
250	345
345	4
4	4
4	135
135	9
9	345
345	345
345	5
5	13
13	134
134	93
93	93
93	345
345	131
131	13
13	345
345	345
345	56
#
120	25
25	33
33	33
33	21
21	33
33	33
33	37
37	33
33	19
19	33
33	19
19	89
89	19
19	19
19	19
19	19
19	19
19	33
33	19
19	19
19	33
33	22
22	22
22	22
22	22
22	250
250	250
250	36
36	144
144	274
274	200
200	41
41	41
41	41
41	44
44	144
144	269
269	93
93	54
54	93
93	54
54	54
54	310
310	310
310	37
37	54
54	31
31	203
203	203
203	310
310	47
47	47
47	47
47	47
47	47
47	54
54	54
54	310
310	310
310	36
36	7
7	47
47	135
135	30
30	91
91	9
9	337
337	193
193	193
193	275
275	318
318	318
318	34
34	57
57	34
34	34
34	34
34	34
34	318
318	34
34	34
34	57
57	34
34	34
34	34
34	318
318	50
50	30
30	30
30	8
8	27
27	9
9	311
311	91
91	9
9	319
319	307
307	275
275	274
274	274
274	274
274	307
307	9
9	211
211	9
9	275
275	274
274	274
274	337
337	320
320	19
19	19
19	277
277	34
34	269
269	276
276	8
8	9
9	27
27	274
274	185
185	275
275	28
28	100
100	103
103	164
164	187
187	173
173	69
69	169
169	176
176	187
187	173
173	187
187	173
173	170
170	67
67	66
66	66
66	66
66	187
187	84
84	346
346	332
332	173
173	173
173	65
65	187
187	169
169	187
187	68
68	84
84	63
63	187
187	170
170	170
170	66
66	67
67	84
84	66
66	187
187	187
187	187
187	192
#
120	25
25	19
19	19
19	21
21	19
19	19
19	19
19	19
19	19
19	19
19	19
19	19
19	19
19	89
89	19
19	19
19	19
19	33
33	19
19	19
19	33
33	32
32	128
128	231
231	4
4	250
250	136
136	36
36	250
250	345
345	253
253	253
253	5
5	134
134	345
345	13
13	184
184	131
131	345
345	345
345	260
260	100
100	56
#
120	19
19	19
19	19
19	25
25	19
19	89
89	19
19	19
19	19
19	19
19	19
19	19
19	33
33	19
19	33
33	33
33	33
33	33
33	292
292	22
22	22
22	22
22	22
22	22
22	22
22	22
22	22
22	136
136	250
250	36
36	250
250	101
101	104
104	41
41	41
41	41
41	41
41	101
101	255
255	93
93	255
255	255
255	93
93	144
144	145
145	138
138	138
138	138
138	138
138	135
135	255
255	255
255	131
131	9
9	9
9	255
255	101
101	13
13	145
145	57
57	255
255	134
134	185
185	137
137	255
255	101
101	255
255	5
5	101
101	128
128	58
58	347
347	347
347	348
348	73
73	66
66	76
76	348
348	67
67	66
66	100
100	169
169	348
348	84
84	348
348	84
84	348
348	71
71	347
347	347
347	348
348	66
66	278
278	348
348	348
#
120	19
19	88
88	88
88	19
19	19
19	19
19	19
19	19
19	89
89	19
19	19
19	19
19	19
19	19
19	33
33	19
19	19
19	33
33	292
292	22
22	22
22	22
22	22
22	234
234	234
234	22
22	22
22	226
226	87
87	87
87	35
35	35
35	22
22	22
22	22
22	22
22	22
22	22
22	136
136	250
250	36
36	36
36	349
349	250
250	250
250	104
104	41
41	41
41	41
41	41
41	44
44	253
253	101
101	132
132	144
144	145
145	138
138	138
138	138
138	9
9	9
9	132
132	132
132	5
5	101
101	145
145	57
57	132
132	100
100	132
132	185
185	137
137	137
137	132
132	140
140	141
141	132
132	5
5	132
132	101
101	133
133	9
9	132
132	7
7	131
131	101
101	9
9	132
132	134
134	132
132	100
100	13
13	184
184	101
101	98
98	132
132	8
8	132
132	186
186	132
132	101
101	132
132	5
5	146
146	132
132	1
1	132
132	132
132	128
128	133
133	123
123	89
89	132
132	128
128	123
123	213
213	132
132	128
128	147
147	123
123	123
123	123
123	41
41	43
43	43
43	43
43	44
44	44
44	44
44	132
132	132
132	123
123	20
20	51
51	20
20	47
47	47
47	22
22	20
20	132
132	132
132	13
13	140
140	133
133	132
132	5
5	9
9	132
132	102
102	58
58	286
286	285
285	286
286	285
285	171
171	285
285	350
350	73
73	285
285	112
112	85
85	286
286	63
63	286
286	286
286	350
350	350
350	285
285	216
216	63
63	216
216	285
285	216
216	67
67	216
216	157
157	63
63	285
285	216
216	99
99	171
171	285
285	70
70	285
285	72
72	285
285	285
285	285
285	69
69	112
112	285
285	286
286	286
286	285
285	73
73	67
67	112
112	171
171	285
285	75
75	76
76	285
285	75
75	285
285	285
285	285
#
120	88
88	19
19	19
19	33
33	33
33	89
89	33
33	33
33	33
33	292
292	35
35	35
35	35
35	35
35	22
22	22
22	22
22	22
22	22
22	136
136	250
250	250
250	36
36	36
36	101
101	135
135	104
104	41
41	41
41	41
41	41
41	41
41	44
44	101
101	93
93	93
93	145
145	47
47	47
47	54
54	149
149	181
181	101
101	13
13	145
145	235
235	139
139	9
9	9
9	27
27	185
185	145
145	101
101	235
235	101
101	235
235	134
134	100
100	101
101	131
131	184
184	101
101	101
101	235
235	286
286	163
163	351
351	350
350	350
350	286
286	73
73	171
171	350
350	66
66	66
66	112
112	350
350	350
350	350
350	350
350	350
350	61
61	70
70	112
112	350
350	350
350	325
325	350
350	288
288	350
350	350
350	286
286	286
286	76
76	285
285	67
67	61
61	69
69	66
66	350
350	350
350	76
76	66
66	66
66	112
112	350
350	350
350	286
286	66
66	350
350	350
350	350
350	350
350	350
350	350
350	2
2	286
286	264
264	6
6	5
5	4
4	6
6	10
10	6
6	264
264	13
13	5
5	12
12	12
12	99
99	9
9	293
293	190
190	6
6	122
122	89
89	122
122	44
44	44
44	44
44	44
44	54
54	54
54	54
54	54
54	123
123	264
264	11
11	5
5	134
134	21
21	6
6	6
6	264
264	6
6	5
5	134
134	9
9	6
6	137
137	6
6	6
6	56
56	159
#
160	4
4	257
257	5
5	4
4	4
4	257
257	7
7	9
9	12
12	9
9	9
9	213
213	28
28	135
135	213
213	257
257	352
352	257
257	93
93	93
93	257
257	257
257	100
100	13
13	257
257	353
353	257
257	257
257	257
257	4
4	257
257	354
354	41
41	41
41	257
257	25
25	54
54	257
257	54
54	54
54	54
54	54
54	54
54	54
54	54
54	54
54	41
41	41
41	257
257	257
257	25
25	14
14	103
103	164
164	174
174	174
174	69
69	70
70	174
174	169
169	215
215	174
174	174
174	170
170	174
174	66
66	174
174	174
#
1	144
144	16
16	7
7	9
9	12
12	9
9	250
250	9
9	91
91	46
46	89
89	41
41	41
41	41
41	44
44	41
41	41
41	41
41	44
44	44
44	93
93	93
93	144
144	4
4	232
232	232
232	4
4	9
9	38
38	5
5	9
9	131
131	9
9	9
9	184
184	232
232	232
232	100
100	134
134	6
6	137
137	232
232	56
56	56
#
239	4
4	5
5	257
257	262
262	4
4	12
12	213
213	213
213	18
18	54
54	144
144	54
54	47
47	47
47	54
54	262
262	262
262	94
94	4
4	56
56	262
#
281	1
1	4
4	5
5	355
355	232
232	4
4	4
4	135
135	9
9	7
7	9
9	9
9	134
134	90
90	232
232	232
232	131
131	5
5	260
260	232
232	232
232	353
353	258
258	233
233	4
4	4
4	11
11	213
213	213
213	190
190	355
355	355
355	232
232	232
232	284
284	284
284	18
18	284
284	25
25	292
292	47
47	47
47	47
47	284
284	284
284	284
284	46
46	32
32	4
4	232
232	134
134	232
232	232
232	131
131	284
284	137
137	284
284	284
284	355
355	56
56	355
355	355
#
1	144
144	36
36	182
182	21
21	91
91	9
9	9
9	12
12	12
12	89
89	41
41	41
41	41
41	44
44	44
44	41
41	44
44	41
41	16
16	16
16	9
9	175
175	135
135	101
101	37
37	175
175	16
16	7
7	93
93	93
93	38
38	54
54	54
54	54
54	144
144	145
145	31
31	47
47	54
54	47
47	54
54	47
47	36
36	36
36	131
131	9
9	9
9	193
193	101
101	34
34	34
34	34
34	34
34	34
34	34
34	100
100	1
1	228
228	25
25	356
356	143
143	37
37	141
141	87
87	141
141	141
141	136
136	36
36	9
9	228
228	66
66	36
36	228
228	9
9	228
228	228
228	144
144	4
4	136
136	42
42	14
14	32
32	19
19	19
19	19
19	21
21	33
33	19
19	33
33	19
19	19
19	357
357	19
19	33
33	19
19	122
122	32
32	317
317	317
317	19
19	19
19	19
19	19
19	19
19	19
19	19
19	19
19	33
33	19
19	317
317	33
33	19
19	34
34	34
34	317
317	19
19	19
19	317
317	32
32	19
19	19
19	19
19	19
19	19
19	57
57	57
57	226
226	57
57	57
57	57
57	57
57	35
35	35
35	35
35	34
34	35
35	34
34	35
35	91
91	28
28	192
192	228
228	25
25	50
50	7
7	136
136	50
50	7
7	12
12	9
9	9
9	25
25	25
25	228
228	14
14	14
14	12
12	228
228	228
228	228
228	12
12	228
228	228
228	4
4	4
4	4
4	7
7	228
228	8
8	29
29	228
228	25
25	91
91	51
51	141
141	141
141	228
228	228
228	4
4	228
228	228
228	4
4	31
31	22
22	22
22	31
31	22
22	33
33	231
231	228
228	5
5	228
228	28
28	228
228	58
58	74
74	358
358	60
60	60
60	62
62	62
62	358
358	64
64	66
66	67
67	358
358	84
84	228
228	228
228	228
228	228
228	70
70	66
66	60
60	66
66	84
84	358
358	63
63	60
60	215
215	293
293	182
182	293
293	228
228	60
60	358
358	56
56	358
358	60
60	61
61	66
66	81
81	66
66	358
358	358
358	62
62	216
216	60
60	86
86	358
358	60
#
163	214
214	359
359	360
360	69
69	361
361	360
360	10
10	10
10	120
120	4
4	230
230	18
18	4
4	25
25	292
292	141
141	141
141	141
141	362
362	5
5	103
103	363
363	361
361	144
144	4
4	361
361	364
364	84
84	359
359	84
84	66
66	360
360	365
365	67
67	71
71	84
84	66
66	360
360	217
217	217
217	359
359	360
360	69
69	361
361	361
361	361
361	360
#
1	258
258	105
105	286
286	286
286	350
350	286
286	286
286	286
286	350
350	350
350	61
61	70
70	67
67	75
75	366
366	84
84	350
350	367
367	76
76	75
75	75
75	368
368	350
350	245
245	350
350	350
350	215
215	93
93	93
93	93
93	93
93	369
369	350
350	370
370	370
370	217
217	217
217	350
350	350
350	118
118	157
157	350
350	350
350	370
370	154
154	118
118	84
84	371
371	371
371	84
84	372
372	63
63	172
172	350
350	237
237	237
237	350
350	350
350	286
286	286
286	67
67	171
171	84
84	373
373	374
374	350
350	350
350	286
286	237
237	66
66	350
350	285
285	69
69	112
112	369
369	350
350	350
350	350
350	375
375	375
375	67
67	75
75	63
63	371
371	350
350	375
375	76
76	350
350	350
350	350
350	369
369	350
350	346
346	371
371	350
350	373
373	376
376	350
350	369
369	350
350	377
377	377
377	377
377	67
67	66
66	76
76	66
66	84
84	350
350	350
350	350
350	378
378	350
350	350
350	218
218	320
320	276
276	211
211	271
271	137
137	49
49	320
320	320
320	8
8	12
12	8
8	379
379	379
379	379
379	380
380	380
380	265
265	380
380	380
380	381
381	320
320	55
55	211
211	321
321	382
382	382
382	22
22	22
22	321
321	276
276	17
17	383
383	321
321	384
384	211
211	277
277	88
88	54
54	54
54	54
54	54
54	54
54	226
226	54
54	32
32	139
139	259
259	133
133	259
259	130
130	130
130	149
149	147
147	259
259	130
130	259
259	1
1	259
259	95
95	95
95	385
385	384
384	95
95	31
31	141
141	141
141	141
141	385
385	57
57	141
141	141
141	385
385	385
385	141
141	259
259	259
259	386
386	139
139	133
133	224
224	259
259	224
224	259
259	147
147	147
147	245
245	5
5	259
259	387
387	387
387	245
245	271
271	388
388	388
388	388
388	388
388	159
159	334
#
2	144
144	389
389	16
16	7
7	389
389	383
383	26
26	9
9	9
9	91
91	51
51	121
121	121
121	47
47	47
47	47
47	54
54	54
54	36
36	15
15	9
9	94
94	149
149	253
253	190
190	181
181	190
190	139
139	9
9	5
5	181
181	131
131	131
131	137
137	184
184	181
181	133
133	7
7	100
100	21
21	181
181	181
181	146
146	181
181	147
147	120
120	5
5	4
4	228
228	4
4	10
10	228
228	14
14	14
14	7
7	130
130	228
228	228
228	55
55	228
228	89
89	20
20	20
20	22
22	22
22	22
22	22
22	19
19	19
19	19
19	228
228	228
228	4
4	228
228	228
228	56
#
2	144
144	54
54	389
389	389
389	54
54	54
54	390
390	54
54	389
389	54
54	54
54	54
54	37
37	54
54	54
54	144
144	391
391	202
202	392
392	47
47	47
47	47
47	310
310	310
310	47
47	47
47	54
54	54
54	54
54	310
310	310
310	36
36	36
36	47
47	47
47	7
7	135
135	9
9	91
91	193
193	275
275	318
318	34
34	57
57	390
390	206
206	393
393	391
391	393
393	204
204	390
390	393
393	9
9	55
55	53
53	211
211	210
210	104
104	393
393	210
210	253
253	390
390	393
393	198
198	19
19	208
208	34
34	202
202	202
202	393
393	7
7	9
9	210
210	390
390	8
8	7
7	9
9	104
104	136
136	393
393	393
393	211
211	211
211	206
206	9
9	210
210	103
103	286
286	285
285	393
393	350
350	285
285	61
61	112
112	378
378	84
84	285
285	67
67	66
66	285
285	66
66	84
84	66
66	285
285	84
84	285
285	350
350	350
350	81
81	70
70	285
285	288
288	70
70	72
72	285
285	285
285	68
68	285
285	285
285	65
65	285
285	285
#
2	54
54	144
144	54
54	31
31	54
54	54
54	54
54	121
121	54
54	54
54	292
292	37
37	47
47	47
47	47
47	54
54	54
54	54
54	36
36	253
253	190
190	190
190	34
34	57
57	34
34	34
34	145
145	25
25	319
319	140
140	132
132	128
128	133
133	132
132	9
9	132
132	9
9	8
8	9
9	132
132	145
145	132
132	5
5	13
13	128
128	58
58	165
165	164
164	174
174	70
70	71
71	165
165	100
100	169
169	215
215	165
165	170
170	165
165	66
66	165
165	165
165	173
173	81
81	176
176	165
165	170
170	170
170	170
170	170
170	278
278	165
165	84
84	84
84	84
84	84
84	165
165	165
165	66
66	165
165	173
173	173
173	71
71	165
165	169
169	326
326	165
165	165
165	165
165	174
174	192
192	165
165	192
192	165
#
239	4
4	5
5	228
228	4
4	228
228	10
10	13
13	228
228	228
228	25
25	89
89	87
87	87
87	141
141	141
141	141
141	228
228	144
144	4
4	4
4	228
228	228
228	228
228	100
100	56
#
120	4
4	5
5	257
257	257
257	4
4	10
10	10
10	257
257	25
25	257
257	354
354	354
354	87
87	87
87	141
141	141
141	257
257	46
46	394
394	142
142	142
142	144
144	394
394	128
128	7
7	9
9	394
394	100
100	98
98	103
103	164
164	174
174	84
84	174
174	69
69	174
174	84
84	169
169	174
174	174
174	174
174	70
70	70
70	174
174	325
325	68
68	68
68	174
174	174
174	71
71	174
174	174
#
2	25
25	141
141	141
141	389
389	389
389	141
141	141
141	226
226	141
141	141
141	51
51	141
141	141
141	37
37	395
395	395
395	89
89	290
290	141
141	141
141	87
87	87
87	87
87	141
141	141
141	141
141	141
141	36
36	144
144	198
198	311
311	57
57	31
31	253
253	31
31	190
190	190
190	396
396	31
31	47
47	271
271	28
28	47
47	47
47	31
31	31
31	47
47	47
47	43
43	43
43	43
43	19
19	19
19	33
33	22
22	22
22	22
22	19
19	19
19	136
136	313
313	337
337	22
22	22
22	313
313	33
33	33
33	313
313	19
19	33
33	19
19	19
19	19
19	19
19	19
19	33
33	19
19	313
313	33
33	19
19	34
34	34
34	318
318	57
57	19
19	57
57	57
57	318
318	57
57	57
57	57
57	34
34	34
34	35
35	35
35	318
318	318
318	16
16	7
7	34
34	34
34	9
9	311
311	275
275	91
91	91
91	193
193	8
8	193
193	193
193	206
206	390
390	100
100	319
319	206
206	206
206	390
390	7
7	9
9	211
211	104
104	210
210	205
205	210
210	390
390	130
130	202
202	202
202	53
53	8
8	37
37	9
9	390
390	104
104	211
211	9
9	185
185	397
397	105
105	347
347	398
398	143
143	71
71	398
398	169
169	398
398	176
176	398
398	398
398	398
398	398
398	169
169	173
173	65
65	176
176	398
398	173
173	398
398	398
398	398
398	399
#
105	214
214	359
359	359
359	69
69	400
400	10
10	10
10	361
361	400
400	2
2	4
4	5
5	266
266	4
4	9
9	10
10	10
10	266
266	361
361	4
4	22
22	19
19	4
4	8
8	266
266	18
18	25
25	266
266	25
25	4
4	266
266	400
400	103
103	359
359	69
69	400
400	359
359	71
71	401
401	364
364	363
363	402
402	400
400	400
400	361
#
239	4
4	5
5	257
257	4
4	262
262	4
4	8
8	10
10	10
10	403
403	25
25	262
262	25
25	4
4	4
4	231
231	5
5	4
4	262
262	262
262	262
262	56
#
120	34
34	34
34	57
57	88
88	34
34	34
34	34
34	34
34	34
34	34
34	34
34	16
16	37
37	51
51	25
25	255
255	140
140	128
128	133
133	133
133	8
8	255
255	255
255	9
9	255
255	9
9	9
9	255
255	184
184	253
253	190
190	255
255	190
190	255
255	10
10	255
255	10
10	255
255	142
142	3
3	142
142	19
19	33
33	22
22	19
19	136
136	19
19	133
133	9
9	255
255	255
255	131
131	404
404	66
66	255
255	255
255	128
128	255
255	38
38	184
184	184
184	137
137	44
44	255
255	255
255	404
404	133
133	255
255	9
9	255
255	255
255	128
128	128
128	98
98	33
33	138
138	35
35	5
5	405
405	181
181	181
181	146
146	147
147	255
255	406
#
120	34
34	34
34	34
34	34
34	94
94	34
34	34
34	34
34	88
88	121
121	34
34	34
34	34
34	34
34	34
34	34
34	34
34	37
37	100
100	16
16	36
36	38
38	9
9	254
254	254
254	27
27	51
51	16
16	162
162	141
141	141
141	141
141	141
141	87
87	87
87	141
141	141
141	121
121	46
46	28
28	47
47	47
47	16
16	7
7	253
253	190
190	38
38	89
89	89
89	407
407	47
47	47
47	21
21	46
46	47
47	144
144	47
47	47
47	47
47	408
408	90
90	47
47	47
47	47
47	31
31	47
47	47
47	47
47	47
47	47
47	31
31	31
31	43
43	43
43	43
43	43
43	47
47	47
47	47
47	47
47	47
47	47
47	43
43	47
47	47
47	47
47	47
47	136
136	19
19	408
408	136
136	33
33	33
33	33
33	33
33	33
33	33
33	19
19	33
33	33
33	33
33	226
226	19
19	33
33	19
19	19
19	19
19	226
226	19
19	57
57	57
57	19
19	57
57	19
19	57
57	57
57	226
226	19
19	19
19	19
19	57
57	57
57	38
38	57
57	57
57	57
57	35
35	35
35	35
35	35
35	35
35	35
35	35
35	34
34	35
35	35
35	35
35	35
35	34
34	54
54	54
54	91
91	38
38	25
25	258
258	175
175	54
54	54
54	54
54	41
41	41
41	54
54	54
54	54
54	54
54	54
54	54
54	54
54	54
54	41
41	54
54	41
41	54
54	54
54	41
41	100
100	47
47	47
47	28
28	50
50	100
100	135
135	190
190	47
47	47
47	47
47	57
57	47
47	57
57	47
47	145
145	101
101	192
192	22
22	22
22	22
22	22
22	22
22	19
19	19
19	22
22	22
22	22
22	22
22	22
22	46
46	136
136	101
101	141
141	30
30	141
141	127
127	141
141	141
141	141
141	141
141	141
141	226
226	141
141	141
141	101
101	145
145	31
31	31
31	54
54	30
30	30
30	31
31	31
31	31
31	22
22	22
22	33
33	33
33	33
33	33
33	33
33	33
33	33
33	34
34	24
24	34
34	24
24	24
24	24
24	24
24	24
24	35
35	35
35	35
35	35
35	35
35	35
35	35
35	36
36	101
101	175
175	175
175	145
145	91
91	50
50	9
9	45
45	8
8	53
53	130
130	101
101	145
145	48
48	47
47	22
22	22
22	22
22	22
22	22
22	101
101	28
28	88
88	175
175	175
175	9
9	16
16	7
7	12
12	376
376	143
143	145
145	34
34	127
127	34
34	34
34	45
45	48
48	51
51	145
145	102
102	101
101	132
132	25
25	102
102	132
132	182
182	192
192	132
132	192
192	132
132	182
182	143
143	101
101	132
132	133
133	55
55	192
192	394
394	133
133	41
41	47
47	132
132	41
41	132
132	139
139	145
145	88
88	258
258	43
43	43
43	43
43	43
43	43
43	43
43	41
41	41
41	47
47	47
47	47
47	57
57	47
47	57
57	57
57	47
47	22
22	22
22	409
409	22
22	22
22	22
22	22
22	33
33	19
19	33
33	33
33	33
33	33
33	33
33	33
33	33
33	33
33	33
33	33
33	33
33	33
33	19
19	33
33	19
19	34
34	34
34	87
87	87
87	87
87	87
87	87
87	87
87	34
34	34
34	34
34	57
57	34
34	34
34	34
34	34
34	34
34	132
132	36
36	53
53	132
132	16
16	27
27	91
91	263
263	143
143	280
280	145
145	132
132	54
54	54
54	132
132	54
54	54
54	24
24	24
24	24
24	24
24	54
54	54
54	54
54	54
54	44
44	132
132	36
36	258
258	53
53	132
132	25
25	145
145	128
128	132
132	410
410	128
128	47
47	47
47	47
47	47
47	141
141	128
128	47
47	47
47	47
47	128
128	32
32	47
47	141
141	47
47	47
47	47
47	47
47	141
141	132
132	36
36	7
7	132
132	136
136	22
22	22
22	16
16	12
12	36
36	7
7	132
132	19
19	19
19	87
87	87
87	19
19	87
87	87
87	87
87	87
87	145
145	36
36	132
132	27
27	293
293	101
101	9
9	132
132	99
99	132
132	34
34	34
34	34
34	44
44	44
44	44
44	44
44	57
57	34
34	34
34	57
57	57
57	57
57	47
47	132
132	101
101	145
145	36
36	27
27	54
54	54
54	54
54	54
54	54
54	24
24	54
54	54
54	22
22	22
22	33
33	33
33	19
19	19
19	19
19	19
19	33
33	33
33	141
141	141
141	35
35	141
141	141
141	141
141	141
141	141
141	141
141	132
132	132
132	25
25	95
95	95
95	95
95	55
55	53
53	26
26	132
132	55
55	132
132	138
138	133
133	7
7	132
132	132
132	55
55	132
132	132
132	128
128	145
145	145
145	163
163	163
163	411
411	177
177	411
411	412
412	76
76	413
413	75
75	75
75	414
414	347
347	347
347	76
76	75
75	73
73	323
323	414
414	132
132	169
169	415
415	76
76	415
415	76
76	414
414	67
67	67
67	175
175	76
76	75
75	75
75	70
70	414
414	76
76	76
76	414
414	215
215	143
143	416
416	347
347	347
347	348
348	278
278	66
66	66
66	63
63	143
143	85
85	63
63	416
416	416
416	416
416	416
416	414
414	416
416	143
143	143
#
239	161
161	4
4	417
417	417
417	6
6	417
417	4
4	4
4	12
12	12
12	9
9	418
418	418
418	254
254	4
4	26
26	9
9	417
417	29
29	148
148	419
419	4
4	33
33	42
42	4
4	6
6	417
417	12
12	4
4	6
6	5
5	12
12	417
417	12
12	9
9	11
11	17
17	55
55	6
6	136
136	13
13	417
417	56
56	120
120	256
256	5
5	233
233	256
256	53
53	9
9	9
9	9
9	12
12	233
233	233
233	213
213	264
264	256
256	233
233	47
47	264
264	264
264	57
57	3
3	22
22	264
264	24
24	233
233	18
18	54
54	54
54	292
292	231
231	264
264	12
12	233
233	233
233	184
184	233
233	195
195	420
420	416
416	398
398	421
421	64
64	62
62	422
422	66
66	59
59	83
83	70
70	62
62	110
110	422
422	325
325	83
83	119
119	83
83	83
83	233
#
2	141
141	141
141	89
89	389
389	389
389	141
141	51
51	141
141	141
141	37
37	141
141	25
25	254
254	141
141	87
87	87
87	87
87	141
141	141
141	36
36	145
145	101
101	253
253	190
190	190
190	144
144	31
31	47
47	47
47	47
47	47
47	43
43	43
43	21
21	33
33	33
33	19
19	19
19	19
19	126
126	140
140	149
149	8
8	181
181	145
145	101
101	100
100	181
181	133
133	133
133	9
9	9
9	181
181	101
101	183
183	181
181	183
183	181
181	181
181	101
101	102
102	195
195	158
158	423
423	423
423	340
340	340
340	111
111	69
69	423
423	423
423	12
12	84
84	84
84	423
423	424
424	155
155	341
341	423
423	340
340	340
340	67
67	171
171	66
66	190
190	423
423	157
157	423
423	342
342	423
423	423
423	155
155	423
423	423
423	423
423	424
424	155
155	155
155	423
423	423
#
2	4
4	5
5	345
345	4
4	4
4	13
13	418
418	418
418	345
345	254
254	345
345	4
4	345
345	425
425	148
148	144
144	47
47	47
47	345
345	47
47	31
31	90
90	31
31	31
31	47
47	47
47	43
43	47
47	47
47	32
32	14
14	345
345	345
345	5
5	131
131	345
345	134
134	184
184	56
#
239	426
426	427
427	428
428	427
427	427
427	293
293	9
9	389
389	9
9	427
427	55
55	8
8	5
5	427
427	427
427	13
13	29
29	148
148	429
429	47
47	43
43	47
47	32
32	430
430	430
430	427
427	431
431	22
22	19
19	19
19	430
430	427
427	427
427	432
432	433
433	16
16	27
27	434
434	131
131	131
131	13
13	434
434	55
55	433
433	433
433	134
134	13
13	428
428	429
429	135
135	428
428	5
5	13
13	428
428	429
429	428
428	428
428	427
427	435
435	8
8	428
428	435
435	428
428	428
428	428
428	434
#
120	161
161	4
4	4
4	5
5	266
266	4
4	4
4	53
53	8
8	12
12	9
9	9
9	418
418	418
418	266
266	4
4	8
8	266
266	245
245	266
266	11
11	89
89	42
42	4
4	34
34	19
19	34
34	266
266	266
266	352
352	51
51	100
100	25
25	47
47	47
47	354
354	47
47	44
44	47
47	47
47	47
47	47
47	47
47	32
32	4
4	266
266	4
4	4
4	4
4	266
266	9
9	11
11	266
266	266
266	262
262	4
4	9
9	266
266	266
266	266
266	56
#
239	161
161	4
4	5
5	233
233	4
4	4
4	4
4	7
7	8
8	9
9	10
10	10
10	233
233	4
4	4
4	4
4	8
8	12
12	405
405	233
233	91
91	189
189	233
233	352
352	144
144	47
47	47
47	47
47	233
233	32
32	4
4	195
195	59
59	83
83	436
436	83
83	61
61	83
83	83
83	83
83	233
#
2	25
25	25
25	16
16	16
16	389
389	53
53	12
12	16
16	389
389	91
91	9
9	9
9	9
9	9
9	383
383	9
9	12
12	51
51	141
141	141
141	87
87	87
87	87
87	141
141	141
141	141
141	142
142	190
190	190
190	190
190	235
235	281
281	144
144	142
142	142
142	19
19	142
142	140
140	57
57	140
140	149
149	133
133	8
8	282
282	9
9	136
136	355
355	54
54	89
89	235
235	100
100	142
142	133
133	27
27	130
130	55
55	22
22	146
146	284
284	147
147	284
284	283
#
2	25
25	25
25	290
290	141
141	141
141	292
292	141
141	141
141	141
141	141
141	389
389	36
36	389
389	253
253	190
190	190
190	29
29	148
148	47
47	43
43	47
47	32
32	437
437	362
362	134
134	131
131	438
438	184
184	130
130	90
90	37
37	362
362	56
#
239	3
3	4
4	4
4	6
6	5
5	4
4	4
4	417
417	9
9	9
9	10
10	10
10	417
417	352
352	231
231	6
6	417
417	13
13	100
100	100
100	6
6	352
352	25
25	47
47	47
47	6
6	47
47	6
6	47
47	6
6	32
32	417
417	4
4	4
4	27
27	6
6	9
9	6
6	417
417	55
55	195
195	164
164	165
165	84
84	170
170	170
170	174
174	67
67	69
69	165
165	84
84	70
70	66
66	84
84	169
169	72
72	174
174	70
70	165
165	417
417	165
165	170
170	70
70	278
278	165
165	165
165	174
174	68
68	165
165	72
72	238
238	169
169	165
165	165
165	165
165	2
2	3
3	264
264	264
264	264
264	213
213	213
213	21
21	213
213	439
439	89
89	440
440	141
141	141
141	141
141	141
141	93
93	441
441	148
148	264
264	93
93	93
93	93
93	439
439	264
264	441
441	9
9	441
441	441
441	441
441	439
439	441
441	441
441	441
441	56
#
2	3
3	4
4	6
6	4
4	417
417	10
10	10
10	5
5	417
417	234
234	32
32	35
35	35
35	35
35	34
34	6
6	6
6	25
25	100
100	41
41	41
41	54
54	41
41	6
6	407
407	47
47	47
47	47
47	6
6	32
32	4
4	6
6	6
6	23
23	223
223	223
223	4
4	4
4	4
4	417
417	6
6	56
#
239	3
3	5
5	142
142	259
259	142
142	10
10	10
10	259
259	234
234	100
100	128
128	54
54	54
54	25
25	54
54	54
54	54
54	54
54	54
54	98
98	98
98	259
259	25
25	98
98	146
146	259
259	259
259	147
#
239	142
142	5
5	282
282	142
142	282
282	282
282	9
9	282
282	282
282	10
10	142
142	142
142	19
19	57
57	282
282	89
89	128
128	15
15	25
25	41
41	41
41	41
41	41
41	54
54	54
54	98
98	98
98	282
282	25
25	98
98	100
100	282
282	5
5	102
102	133
133	282
282	9
9	134
134	9
9	146
146	131
131	282
282	184
184	282
282	147
#
2	142
142	142
142	282
282	142
142	282
282	128
128	213
213	213
213	189
189	282
282	282
282	32
32	22
22	22
22	22
22	22
22	25
25	282
282	139
139	133
133	146
146	354
354	5
5	9
9	282
282	282
282	147
#
2	32
32	21
21	19
19	19
19	19
19	19
19	19
19	33
33	19
19	19
19	19
19	19
19	19
19	89
89	136
136	33
33	33
33	33
33	33
33	19
19	19
19	19
19	19
19	33
33	19
19	19
19	19
19	226
226	19
19	57
57	57
57	35
35	34
34	35
35	34
34	35
35	250
250	50
50	250
250	145
145	41
41	41
41	101
101	25
25	54
54	54
54	41
41	41
41	41
41	54
54	41
41	41
41	41
41	25
25	98
98	93
93	51
51	101
101	100
100	190
190	190
190	259
259	142
142	98
98	133
133	8
8	27
27	259
259	9
9	9
9	259
259	259
259	145
145	101
101	22
22	102
102	259
259	259
259	134
134	101
101	141
141	139
139	131
131	259
259	101
101	193
193	128
128	33
33	138
138	35
35	142
142	259
259	101
101	101
101	259
259	37
37	41
41	259
259	259
259	101
101	101
101	259
259	140
140	259
259	101
101	179
179	102
102	133
133	259
259	5
5	9
9	9
9	9
9	27
27	9
9	9
9	259
259	259
259	101
101	43
43	259
259	216
216	259
259	147
147	160
160	102
102	102
102	259
259	102
102	10
10	259
259	147
147	259
259	259
259	234
234	87
87	290
290	87
87	87
87	19
19	87
87	87
87	87
87	259
259	144
144	95
95	259
259	147
147	95
95	259
259	128
128	47
47	259
259	259
259	147
#
160	19
19	19
19	32
32	32
32	57
57	19
19	19
19	19
19	292
292	19
19	442
442	443
443	35
35	35
35	35
35	35
35	34
34	35
35	34
34	250
250	50
50	250
250	28
28	128
128	25
25	235
235	100
100	128
128	128
128	133
133	135
135	9
9	235
235	93
93	190
190	190
190	282
282	142
142	47
47	146
146	147
#
120	25
25	54
54	54
54	54
54	54
54	54
54	15
15	91
91	390
390	54
54	54
54	444
444	41
41	41
41	226
226	54
54	41
41	50
50	148
148	205
205	93
93	310
310	44
44	44
44	190
190	44
44	190
190	28
28	445
445	310
310	36
36	22
22	8
8	91
91	130
130	27
27	22
22	275
275	319
319	193
193	311
311	193
193	193
193	202
202	390
390	202
202	202
202	397
397	37
37	53
53	9
9	390
390	104
104	211
211	281
281	210
210	390
390	390
390	141
141	208
208	9
9	38
38	390
390	7
7	210
210	390
390	198
198	33
33	198
198	33
33	202
202	446
446	135
135	7
7	130
130	390
390	9
9	104
104	9
9	210
210	390
390	444
444	447
447	448
448	49
49	86
86	322
322	447
447	444
444	198
198	448
448	449
449	390
390	9
9	322
322	444
444	206
206	448
448	449
449	390
390	186
186	104
104	390
390	179
179	449
449	448
448	211
211	390
390	322
322	444
444	198
198	87
87	206
206	206
206	448
448	449
449	36
36	37
37	9
9	55
55	390
390	7
7	322
322	104
104	448
448	449
449	390
390	322
322	444
444	444
444	448
448	449
449	450
450	284
284	397
#
120	25
25	54
54	54
54	54
54	389
389	54
54	54
54	54
54	425
425	425
425	389
389	46
46	91
91	41
41	54
54	41
41	41
41	41
41	54
54	54
54	50
50	145
145	93
93	101
101	190
190	190
190	47
47	47
47	47
47	47
47	32
32	101
101	102
102	181
181	133
133	9
9	181
181	9
9	181
181	101
101	145
145	181
181	101
101	286
286	163
163	286
286	350
350	331
331	350
350	286
286	286
286	69
69	278
278	63
63	67
67	67
67	112
112	66
66	350
350	350
350	378
378	378
378	350
350	81
81	350
350	175
175	68
68	350
350	350
350	156
156	350
350	451
451	350
350	288
288	350
350	71
71	112
112	350
350	350
350	350
350	286
286	350
350	171
171	66
66	192
192	66
66	350
350	350
350	350
#
120	4
4	5
5	362
362	362
362	362
362	4
4	10
10	10
10	354
354	144
144	144
144	144
144	354
354	47
47	47
47	47
47	47
47	32
32	362
362	4
4	362
362	195
195	158
158	338
338	340
340	340
340	84
84	338
338	111
111	339
339	171
171	341
341	66
66	84
84	423
423	66
66	66
66	338
338	452
452	155
155	155
155	239
239	5
5	95
95	96
96	95
95	95
95	9
9	9
9	99
99	12
12	96
96	95
95	95
95	213
213	96
96	96
96	47
47	96
96	95
95	22
22	88
88	88
88	88
88	453
453	32
32	141
141	141
141	141
141	141
141	32
32	32
32	140
140	96
96	133
133	5
5	9
9	27
27	9
9	96
96	147
147	96
96	96
96	147
147	147
147	147
#
120	32
32	32
32	16
16	16
16	136
136	17
17	9
9	9
9	9
9	9
9	9
9	162
162	22
22	162
162	22
22	12
12	12
12	22
22	22
22	212
212	32
32	202
202	190
190	208
208	318
318	190
190	141
141	141
141	141
141	190
190	318
318	318
318	141
141	141
141	203
203	91
91	318
318	141
141	30
30	127
127	127
127	141
141	141
141	141
141	318
318	36
36	54
54	24
24	7
7	135
135	9
9	9
9	311
311	193
193	193
193	319
319	275
275	198
198	136
136	390
390	198
198	33
33	319
319	198
198	34
34	446
446	212
212	7
7	390
390	322
322	104
104	211
211	210
210	208
208	8
8	390
390	210
210	198
198	390
390	9
9	9
9	9
9	9
9	211
211	136
136	322
322	212
212	58
58	422
422	211
211	454
454	69
69	454
454	176
176	454
454	436
436	346
346	346
346	74
74	74
74	166
166	166
166	346
346	455
455	456
456	457
457	62
62	62
62	63
63	67
67	216
216	216
216	216
216	63
63	454
454	454
454	176
176	457
457	456
456	64
64	65
65	68
68	454
454	457
457	456
456	454
454	456
456	457
457	454
454	456
456	457
457	62
62	66
66	454
454	454
454	245
245	456
456	456
456	454
454	65
65	237
237	237
237	454
454	86
86	454
454	454
454	388
388	388
#
120	25
25	54
54	54
54	15
15	41
41	41
41	54
54	54
54	54
54	91
91	395
395	41
41	41
41	41
41	54
54	41
41	41
41	250
250	50
50	148
148	205
205	250
250	250
250	93
93	44
44	310
310	190
190	44
44	44
44	458
458	190
190	28
28	310
310	36
36	27
27	22
22	8
8	130
130	91
91	22
22	319
319	275
275	311
311	193
193	193
193	202
202	459
459	202
202	9
9	459
459	104
104	211
211	459
459	210
210	397
397	208
208	208
208	9
9	135
135	7
7	9
9	9
9	210
210	459
459	459
459	198
198	33
33	198
198	198
198	33
33	202
202	446
446	395
395	7
7	50
50	130
130	8
8	9
9	28
28	211
211	9
9	9
9	210
210	395
395	210
210	111
111	163
163	422
422	83
83	176
176	64
64	80
80	80
80	460
460	173
173	71
71	176
176	83
83	83
83	173
173	83
83	173
173	83
83	422
422	173
173	173
173	455
455	62
62	62
62	65
65	63
63	67
67	64
64	216
216	216
216	216
216	63
63	83
83	83
83	157
157	83
83	83
83	86
86	83
83	83
#
2	3
3	14
14	417
417	5
5	14
14	213
213	266
266	5
5	266
266	32
32	453
453	22
22	22
22	22
22	22
22	25
25	4
4	266
266	266
266	105
105	350
350	286
286	350
350	84
84	69
69	350
350	112
112	350
350	70
70	286
286	84
84	288
288	286
286	63
63	278
278	350
350	72
72	66
66	288
288	350
350	350
350	350
#
239	3
3	3
3	14
14	5
5	417
417	417
417	14
14	9
9	17
17	213
213	55
55	417
417	6
6	13
13	46
46	6
6	354
354	4
4	6
6	9
9	5
5	6
6	417
417	4
4	33
33	4
4	9
9	25
25	442
442	41
41	43
43	43
43	41
41	43
43	43
43	44
44	44
44	44
44	144
144	4
4	4
4	5
5	6
6	6
6	4
4	4
4	4
4	26
26	5
5	135
135	9
9	9
9	417
417	7
7	90
90	55
55	6
6	6
6	57
57	4
4	4
4	5
5	53
53	9
9	9
9	9
9	6
6	75
75	179
179	6
6	56
56	417
#
239	3
3	14
14	14
14	5
5	262
262	257
257	14
14	14
14	257
257	12
12	257
257	213
213	213
213	14
14	257
257	7
7	257
257	234
234	234
234	32
32	19
19	19
19	19
19	257
257	257
257	25
25	4
4	58
58	164
164	174
174	69
69	169
169	84
84	84
84	174
174	174
174	174
174	84
84	174
174	67
67	174
174	174
174	69
69	73
73	174
174	174
#
2	5
5	98
98	98
98	259
259	259
259	133
133	133
133	53
53	55
55	213
213	213
213	98
98	8
8	130
130	259
259	136
136	284
284	89
89	32
32	102
102	19
19	19
19	19
19	19
19	22
22	22
22	259
259	25
25	190
190	139
139	190
190	146
146	259
259	284
284	284
284	147
147	284
#
239	3
3	262
262	14
14	14
14	5
5	266
266	14
14	404
404	183
183	213
213	213
213	14
14	16
16	130
130	130
130	262
262	262
262	4
4	262
262	18
18	25
25	190
190	15
15	262
262	262
262	5
5	262
262	61
61	156
156	163
163	420
420	60
60	60
60	60
60	156
156	365
365	365
365	73
73	60
60	60
60	60
60	461
461	183
183	60
#
2	3
3	14
14	232
232	14
14	14
14	14
14	9
9	233
233	213
213	213
213	233
233	5
5	13
13	25
25	234
234	232
232	4
4	233
233	127
127	141
141	141
141	141
141	141
141	232
232	233
233	144
144	4
4	163
163	351
351	285
285	350
350	286
286	286
286	71
71	171
171	278
278	63
63	66
66	66
66	66
66	66
66	285
285	112
112	63
63	63
63	285
285	285
285	288
288	285
285	285
#
2	14
14	14
14	362
362	14
14	213
213	213
213	14
14	425
425	25
25	362
362	30
30	141
141	141
141	141
141	141
141	362
362	144
144	105
105	286
286	346
346	350
350	69
69	350
350	112
112	288
288	286
286	350
350	66
66	84
84	63
63	350
350	350
350	350
350	350
350	350
#
2	47
47	144
144	47
47	47
47	47
47	47
47	47
47	21
21	25
25	28
28	89
89	47
47	47
47	47
47	47
47	47
47	389
389	389
389	36
36	32
32	102
102	181
181	102
102	133
133	5
5	8
8	181
181	181
181	130
130	181
181	190
190	181
181	190
190	190
190	181
181	181
181	131
131	134
134	181
181	147
147	137
137	181
181	147
147	462
462	462
462	147
147	239
239	131
131	150
150	95
95	95
95	213
213	213
213	150
150	354
354	88
88	54
54	54
54	54
54	54
54	54
54	144
144	150
150	144
144	138
138	147
147	150
150	147
#
2	25
25	47
47	47
47	47
47	28
28	47
47	47
47	425
425	425
425	292
292	47
47	47
47	47
47	47
47	47
47	389
389	389
389	36
36	32
32	102
102	259
259	102
102	133
133	259
259	8
8	9
9	9
9	259
259	190
190	259
259	190
190	259
259	139
139	259
259	131
131	5
5	259
259	190
190	134
134	259
259	137
137	259
259	147
147	259
259	147
147	1
1	138
138	11
11	131
131	463
463	138
138	138
138	53
53	12
12	130
130	130
130	130
130	463
463	139
139	133
133	131
131	5
5	379
379	12
12	379
379	55
55	184
184	28
28	225
225	464
464	464
464	463
463	463
#
120	4
4	4
4	5
5	232
232	4
4	8
8	12
12	10
10	213
213	233
233	233
233	233
233	233
233	234
234	292
292	141
141	25
25	141
141	127
127	127
127	127
127	141
141	141
141	141
141	141
141	144
144	4
4	232
232	231
231	4
4	9
9	11
11	232
232	5
5	58
58	164
164	174
174	174
174	69
69	70
70	174
174	84
84	63
63	169
169	215
215	174
174	174
174	164
164	174
174	233
233	174
#
239	5
5	4
4	4
4	6
6	4
4	9
9	9
9	417
417	10
10	213
213	66
66	13
13	6
6	6
6	417
417	425
425	144
144	30
30	54
54	54
54	54
54	54
54	94
94	32
32	103
103	455
455	279
279	6
6	454
454	454
454	61
61	111
111	454
454	454
454	454
#
2	1
1	5
5	282
282	102
102	102
102	213
213	213
213	90
90	282
282	453
453	25
25	91
91	282
282	282
282	139
139	141
141	141
141	141
141	141
141	465
465	161
161	141
141	139
139	30
30	139
139	267
267	282
282	5
5	38
38	466
466	245
245	133
133	135
135	128
128	320
320	320
320	308
308	271
271	54
54	54
54	54
54	28
28	54
54	54
54	308
308	30
30	30
30	31
31	31
31	31
31	308
308	31
31	31
31	22
22	31
31	22
22	31
31	22
22	396
396	396
396	396
396	37
37	273
273	319
319	467
467	273
273	33
33	307
307	307
307	282
282	7
7	130
130	9
9	135
135	9
9	28
28	211
211	9
9	321
321	275
275	276
276	276
276	276
276	9
9	321
321	321
321	186
186	307
307	307
307	307
307	276
276	276
276	9
9	17
17	275
275	269
269	57
57	269
269	175
175	175
175	9
9	28
28	28
28	37
37	37
37	186
186	321
321	321
321	321
321	273
273	273
273	276
276	9
9	175
175	53
53	9
9	211
211	143
143	143
143	143
143	321
321	321
321	186
186	43
43	320
320	277
277	19
19	307
307	357
357	87
87	307
307	192
192	275
275	143
143	143
143	321
321	192
192	143
143	186
186	321
321	306
306	320
320	321
321	7
7	321
321	9
9	46
46	192
192	99
99	269
269	192
192	192
192	37
37	186
186	269
269	190
190	183
183	11
11	190
190	321
321	320
320	143
143	275
275	136
136	321
321	320
320	7
7	192
192	192
192	192
192	321
321	15
15	321
321	321
321	276
276	276
276	26
26	9
9	192
192	192
192	7
7	8
8	321
321	468
468	183
183	275
275	465
465	321
321	321
321	307
307	293
293	37
37	271
271	307
307	47
47	49
49	320
320	53
53	186
186	275
275	321
321	321
321	269
269	50
50	12
12	9
9	49
49	49
49	465
465	320
320	182
182	9
9	321
321	320
320	320
320	53
53	55
55	321
321	49
49	192
192	49
49	321
321	321
321	276
276	9
9	7
7	9
9	321
321	306
306	136
136	192
192	321
321	91
91	195
195	164
164	168
168	73
73	176
176	169
169	170
170	170
170	67
67	66
66	66
66	63
63	168
168	168
168	168
168	399
399	68
68	169
169	399
399	279
279	399
399	329
329	170
170	170
170	333
333	333
333	333
333	333
333	333
333	399
399	170
170	175
175	170
170	67
67	67
67	65
65	469
469	110
110	67
67	328
328	175
175	323
323	187
187	399
399	327
327	175
175	176
176	187
187	187
187	346
346	399
399	327
327	175
175	187
187	187
187	169
169	421
421	421
421	399
399	327
327	170
170	71
71	67
67	84
84	278
278	280
280	280
280	187
187	164
164	327
327	187
187	399
399	63
63	63
63	327
327	327
327	470
470	471
471	327
327	170
170	170
170	187
187	192
192	67
67	110
110	63
63	328
328	187
187	187
187	187
187	192
192	472
472	334
#
120	282
282	102
102	235
235	102
102	213
213	102
102	22
22	102
102	133
133	53
53	9
9	9
9	141
141	425
425	144
144	128
128	30
30	30
30	54
54	54
54	88
88	88
88	30
30	54
54	54
54	31
31	31
31	31
31	30
30	30
30	88
88	33
33	33
33	32
32	98
98	126
126	98
98	33
33	138
138	98
98	34
34	35
35	235
235	146
146	147
147	160
160	139
139	139
139	473
473	139
139	133
133	133
133	53
53	474
474	380
380	380
380	31
31	475
475	474
474	151
151	5
5	474
474	1
1	474
474	133
133	224
224	224
224	474
474	95
95	95
95	474
474	147
147	5
5	473
473	147
147	122
122	122
122	89
89	141
141	141
141	149
149	141
141	141
141	141
141	141
141	141
141	141
141	474
474	476
476	95
95	474
474	147
147	147
147	147
#
120	32
32	50
50	17
17	9
9	9
9	12
12	9
9	46
46	43
43	37
37	43
43	453
453	19
19	226
226	19
19	22
22	22
22	22
22	22
22	250
250	250
250	25
25	394
394	190
190	139
139	190
190	190
190	394
394	133
133	394
394	9
9	394
394	394
394	136
136	181
181	133
133	7
7	394
394	9
9	394
394	55
55	394
394	140
140	133
133	27
27	8
8	394
394	394
394	7
7	184
184	394
394	55
55	394
394	133
133	394
394	7
7	9
9	394
394	55
55	394
394	409
409	133
133	146
146	394
394	7
7	394
394	160
160	102
102	394
394	102
102	394
394	10
10	20
20	102
102	121
121	20
20	20
20	20
20	44
44	54
54	54
54	394
394	128
128	128
128	394
394	147
147	394
394	147
147	394
394	147
#
239	4
4	5
5	4
4	6
6	4
4	4
4	6
6	13
13	250
250	6
6	6
6	354
354	25
25	127
127	141
141	141
141	141
141	141
141	6
6	144
144	163
163	420
420	83
83	83
83	111
111	83
83	71
71	83
83	83
83	83
#
239	4
4	5
5	13
13	345
345	477
477	4
4	4
4	345
345	250
250	345
345	362
362	144
144	88
88	189
189	88
88	31
31	31
31	31
31	30
30	31
31	88
88	32
32	103
103	455
455	279
279	454
454	454
454	69
69	454
454	111
111	62
62	454
454	454
454	66
66	84
84	70
70	63
63	346
346	346
346	454
454	215
215	454
454	454
454	362
#
120	32
32	32
32	22
22	22
22	22
22	22
22	22
22	22
22	21
21	37
37	453
453	57
57	57
57	22
22	22
22	22
22	22
22	22
22	22
22	50
50	250
250	50
50	9
9	250
250	25
25	190
190	139
139	181
181	190
190	190
190	133
133	181
181	5
5	9
9	181
181	9
9	181
181	9
9	181
181	181
181	146
146	181
181	147
#
120	428
428	427
427	427
427	428
428	427
427	478
478	478
478	8
8	250
250	134
134	9
9	9
9	130
130	55
55	7
7	435
435	435
435	131
131	13
13	428
428	433
433	429
429	435
435	428
428	432
432	428
428	427
427	479
479	88
88	148
148	433
433	428
428	428
428	435
435	5
5	53
53	13
13	55
55	435
435	428
428	131
131	13
13	427
427	435
435	429
429	428
428	428
428	134
134	427
427	428
428	134
134	13
13	432
432	428
428	428
#
239	161
161	5
5	4
4	4
4	6
6	4
4	10
10	10
10	480
480	6
6	23
23	4
4	6
6	9
9	66
66	6
6	6
6	13
13	131
131	4
4	30
30	4
4	33
33	231
231	4
4	231
231	24
24	4
4	134
134	5
5	9
9	6
6	11
11	9
9	6
6	193
193	6
6	42
42	40
40	14
14	50
50	12
12	9
9	5
5	9
9	9
9	6
6	6
6	4
4	22
22	6
6	6
6	57
57	4
4	4
4	6
6	12
12	5
5	6
6	6
6	353
353	179
179	6
6	6
6	453
453	88
88	47
47	47
47	6
6	41
41	41
41	6
6	43
43	41
41	43
43	41
41	47
47	47
47	47
47	47
47	25
25	231
231	231
231	4
4	233
233	481
481	4
4	4
4	87
87	4
4	6
6	6
6	6
6	9
9	6
6	4
4	44
44	6
6	6
6	6
6	14
14	6
6	5
5	87
87	178
178	6
6	264
264	6
6	6
6	5
5	6
6	10
10	10
10	6
6	56
56	34
34	34
34	144
144	34
34	6
6	453
453	34
34	226
226	34
34	34
34	34
34	57
57	57
57	57
57	34
34	57
57	57
57	6
6	144
144	264
264	4
4	6
6	54
54	4
4	4
4	24
24	33
33	4
4	141
141	264
264	5
5	53
53	9
9	6
6	6
6	6
6	6
6	56
#
120	161
161	5
5	96
96	139
139	133
133	9
9	213
213	213
213	96
96	133
133	9
9	96
96	89
89	96
96	96
96	96
96	89
89	128
128	25
25	43
43	41
41	41
41	43
43	43
43	96
96	144
144	138
138	96
96	133
133	7
7	96
96	5
5	147
147	96
96	147
147	96
96	147
#
58	214
214	86
86	359
359	401
401	71
71	154
154	401
401	178
178	4
4	262
262	5
5	4
4	53
53	12
12	257
257	10
10	10
10	4
4	22
22	4
4	34
34	4
4	4
4	257
257	257
257	50
50	257
257	12
12	135
135	13
13	14
14	257
257	12
12	425
425	4
4	257
257	26
26	417
417	28
28	257
257	466
466	4
4	257
257	9
9	9
9	9
9	425
425	88
88	41
41	41
41	21
21	21
21	19
19	19
19	33
33	19
19	144
144	4
4	481
481	4
4	7
7	9
9	9
9	5
5	362
362	14
14	47
47	14
14	362
362	362
362	264
264	12
12	7
7	482
482	362
362	362
362	4
4	26
26	362
362	362
362	5
5	56
56	362
362	56
56	483
483	264
264	362
362	131
131	264
264	12
12	225
225	362
362	10
10	10
10	362
362	18
18	36
36	12
12	7
7	130
130	49
49	362
362	130
130	51
51	8
8	88
88	362
362	57
57	57
57	57
57	57
57	57
57	34
34	362
362	362
362	88
88	256
256	195
195	59
59	60
60	73
73	60
60	60
60	64
64	68
68	68
68	60
60	455
455	64
64	374
374	60
60	60
60	156
156	156
156	451
451	451
451	60
60	119
119	60
60	60
60	60
60	334
334	388
#
120	161
161	4
4	5
5	480
480	266
266	232
232	4
4	9
9	10
10	10
10	480
480	480
480	266
266	18
18	144
144	144
144	4
4	4
4	266
266	5
5	266
266	266
266	13
13	56
#
2	161
161	4
4	4
4	5
5	262
262	4
4	9
9	9
9	213
213	213
213	262
262	18
18	88
88	88
88	88
88	88
88	88
88	88
88	88
88	28
28	4
4	5
5	262
262	262
262	56
#
120	161
161	4
4	4
4	345
345	4
4	213
213	265
265	213
213	345
345	5
5	13
13	89
89	228
228	484
484	425
425	47
47	22
22	22
22	22
22	88
88	88
88	14
14	484
484	257
257	4
4	484
484	484
484	56
#
120	208
208	208
208	459
459	208
208	208
208	208
208	27
27	12
12	211
211	9
9	9
9	137
137	9
9	10
10	10
10	91
91	213
213	141
141	208
208	212
212	208
208	135
135	390
390	390
390	212
212	30
30	198
198	198
198	33
33	35
35	390
390	208
208	41
41	208
208	390
390	212
212	198
198	22
22	19
19	127
127	88
88	453
453	57
57	34
34	34
34	34
34	25
25	102
102	259
259	146
146	259
259	139
139	139
139	139
139	43
43	259
259	259
259	147
#
2	141
141	141
141	141
141	25
25	25
25	141
141	141
141	141
141	30
30	30
30	141
141	127
127	141
141	141
141	141
141	141
141	141
141	389
389	389
389	136
136	36
36	36
36	389
389	54
54	7
7	15
15	9
9	9
9	54
54	54
54	30
30	31
31	54
54	54
54	30
30	30
30	54
54	31
31	30
30	31
31	30
30	31
31	31
31	31
31	31
31	31
31	22
22	22
22	22
22	37
37	22
22	22
22	33
33	33
33	34
34	33
33	226
226	226
226	33
33	33
33	33
33	34
34	34
34	33
33	33
33	33
33	292
292	24
24	34
34	35
35	24
24	24
24	24
24	35
35	35
35	35
35	35
35	35
35	35
35	36
36	36
36	36
36	28
28	9
9	7
7	41
41	41
41	253
253	38
38	190
190	43
43	41
41	44
44	41
41	41
41	41
41	47
47	47
47	16
16	49
49	8
8	47
47	47
47	47
47	22
22	22
22	22
22	22
22	47
47	88
88	9
9	19
19	19
19	485
485	19
19	19
19	34
34	34
34	34
34	127
127	34
34	50
50	9
9	7
7	9
9	10
10	175
175	54
54	54
54	54
54	54
54	54
54	54
54	54
54	28
28	28
28	41
41	41
41	50
50	9
9	43
43	43
43	47
47	47
47	47
47	47
47	57
57	22
22	22
22	89
89	33
33	33
33	33
33	33
33	19
19	33
33	33
33	19
19	34
34	87
87	87
87	87
87	226
226	87
87	87
87	34
34	34
34	57
57	34
34	34
34	44
44	44
44	16
16	263
263	99
99	54
54	54
54	54
54	24
24	24
24	54
54	54
54	44
44	44
44	54
54	44
44	44
44	292
292	47
47	141
141	47
47	47
47	47
47	47
47	47
47	148
148	36
36	7
7	136
136	192
192	22
22	22
22	87
87	19
19	87
87	87
87	19
19	87
87	87
87	87
87	145
145	51
51	36
36	99
99	9
9	101
101	232
232	232
232	264
264	264
264	57
57	7
7	9
9	7
7	251
251	232
232	232
232	4
4	22
22	264
264	264
264	264
264	141
141	36
36	7
7	9
9	55
55	232
232	4
4	210
210	37
37	232
232	4
4	4
4	99
99	27
27	9
9	251
251	175
175	210
210	232
232	232
232	232
232	264
264	264
264	264
264	57
57	264
264	9
9	55
55	251
251	210
210	232
232	192
192	210
210	232
232	232
232	4
4	4
4	4
4	141
141	99
99	55
55	7
7	9
9	486
486	99
99	232
232	137
137	210
210	143
143	251
251	56
56	232
#
2	4
4	4
4	5
5	228
228	228
228	13
13	4
4	228
228	10
10	10
10	4
4	88
88	88
88	88
88	88
88	88
88	88
88	189
189	35
35	35
35	35
35	88
88	35
35	35
35	228
228	25
25	14
14	58
58	158
158	423
423	423
423	128
128	423
423	167
167	167
167	111
111	155
155	71
71	487
487	158
158	423
423	423
423	423
423	451
451	155
155	155
155	423
423	423
423	63
63	63
63	423
423	423
423	239
239	5
5	259
259	102
102	102
102	213
213	259
259	11
11	475
475	475
475	488
488	95
95	488
488	488
488	54
54	43
43	43
43	43
43	43
43	43
43	43
43	54
54	43
43	43
43	488
488	102
102	102
102	259
259	259
259	146
146	5
5	146
146	147
#
178	5
5	281
281	355
355	394
394	128
128	128
128	213
213	213
213	128
128	394
394	128
128	25
25	442
442	43
43	43
43	41
41	43
43	43
43	394
394	394
394	144
144	138
138	284
284	355
355	90
90	146
146	394
394	147
#
239	5
5	4
4	4
4	232
232	4
4	9
9	9
9	213
213	213
213	233
233	233
233	232
232	40
40	89
89	232
232	4
4	233
233	53
53	9
9	453
453	88
88	34
34	34
34	34
34	34
34	25
25	4
4	233
233	233
233	134
134	134
134	260
260	233
233	233
233	232
232	56
56	218
218	42
42	489
489	489
489	489
489	19
19	19
19	19
19	19
19	489
489	490
490	1
1	352
352	352
352	148
148	264
264	43
43	141
141	43
43	141
141	141
141	32
32	400
400	264
264	400
400	400
400	400
400	264
264	400
400	8
8	400
400	400
400	400
400	56
56	56
#
239	4
4	5
5	417
417	417
417	4
4	9
9	12
12	213
213	417
417	6
6	89
89	4
4	6
6	13
13	130
130	6
6	6
6	14
14	12
12	89
89	144
144	6
6	47
47	22
22	22
22	22
22	22
22	6
6	88
88	14
14	6
6	5
5	105
105	420
420	88
88	454
454	436
436	64
64	66
66	84
84	67
67	454
454	66
66	454
454	84
84	454
454	454
454	46
46	66
66	454
454	63
63	70
70	63
63	454
454	72
72	454
454	422
422	454
#
239	5
5	181
181	128
128	133
133	10
10	10
10	181
181	442
442	128
128	25
25	43
43	43
43	41
41	43
43	43
43	44
44	41
41	181
181	21
21	144
144	138
138	181
181	181
181	146
146	147
#
178	4
4	5
5	417
417	4
4	12
12	130
130	417
417	9
9	10
10	4
4	33
33	6
6	13
13	11
11	6
6	144
144	234
234	47
47	47
47	22
22	22
22	6
6	4
4	4
4	50
50	12
12	5
5	12
12	7
7	9
9	8
8	9
9	9
9	11
11	6
6	4
4	4
4	4
4	5
5	135
135	17
17	9
9	134
134	55
55	11
11	11
11	6
6	40
40	40
40	22
22	22
22	22
22	6
6	134
134	131
131	143
143	58
58	286
286	184
184	350
350	350
350	69
69	350
350	112
112	279
279	286
286	286
286	76
76	350
350	350
350	67
67	66
66	76
76	171
171	76
76	192
192	68
68	68
68	66
66	66
66	350
350	350
350	350
350	350
350	69
69	112
112	350
350	350
350	350
350	286
286	84
84	285
285	67
67	350
350	76
76	84
84	84
84	75
75	350
350	350
350	350
350	388
#
178	30
30	144
144	30
30	30
30	30
30	30
30	30
30	30
30	89
89	11
11	28
28	30
30	30
30	31
31	31
31	31
31	31
31	33
33	33
33	33
33	34
34	33
33	33
33	88
88	142
142	16
16	181
181	145
145	253
253	181
181	101
101	190
190	181
181	133
133	101
101	9
9	184
184	9
9	9
9	181
181	53
53	181
181	181
181	101
101	28
28	140
140	195
195	164
164	174
174	84
84	174
174	165
165	69
69	70
70	169
169	63
63	165
165	170
170	326
326	84
84	165
165	67
67	165
165	84
84	165
165	176
176	72
72	63
63	165
165	68
68	326
326	326
326	326
326	165
165	326
326	154
154	165
165	71
71	174
174	326
326	165
165	165
165	170
170	171
171	67
67	165
165	76
76	165
165	326
326	165
165	69
69	165
165	176
176	329
329	170
170	170
170	326
326	67
67	67
67	165
165	165
165	81
81	76
76	165
165	66
66	171
171	279
279	471
471	326
326	174
174	73
73	174
174	165
165	174
#
178	54
54	54
54	88
88	54
54	11
11	54
54	54
54	54
54	54
54	54
54	28
28	453
453	31
31	31
31	31
31	31
31	33
33	33
33	34
34	33
33	292
292	184
184	35
35	35
35	35
35	36
36	9
9	9
9	128
128	9
9	9
9	96
96	145
145	101
101	133
133	101
101	9
9	9
9	9
9	96
96	96
96	101
101	96
96	96
96	96
96	96
96	102
102	105
105	286
286	350
350	285
285	73
73	350
350	350
350	112
112	350
350	350
350	350
350	350
350	286
286	76
76	76
76	66
66	9
9	75
75	350
350	350
350	350
350	70
70	215
215	350
350	350
350	350
350	69
69	350
350	112
112	350
350	350
350	350
350	350
350	350
350	350
350	424
#
160	32
32	34
34	34
34	32
32	34
34	34
34	34
34	89
89	34
34	33
33	34
34	33
33	34
34	292
292	35
35	35
35	35
35	35
35	35
35	36
36	28
28	16
16	145
145	101
101	9
9	253
253	190
190	44
44	41
41	41
41	41
41	46
46	101
101	259
259	145
145	138
138	101
101	5
5	134
134	259
259	259
259	101
101	137
137	133
133	133
133	9
9	9
9	259
259	9
9	101
101	183
183	259
259	5
5	259
259	102
102	105
105	158
158	423
423	423
423	340
340	36
36	61
61	183
183	423
423	111
111	423
423	423
423	340
340	340
340	67
67	66
66	423
423	423
423	423
423	423
423	76
76	155
155	76
76	423
423	190
#
178	34
34	34
34	34
34	34
34	292
292	34
34	88
88	34
34	88
88	24
24	35
35	203
203	35
35	35
35	35
35	16
16	28
28	203
203	25
25	203
203	204
204	253
253	190
190	315
315	30
30	491
491	30
30	315
315	41
41	41
41	37
37	43
43	43
43	315
315	43
43	43
43	44
44	44
44	315
315	50
50	47
47	8
8	47
47	9
9	53
53	9
9	318
318	322
322	193
193	275
275	28
28	198
198	459
459	198
198	198
198	9
9	104
104	211
211	459
459	28
28	210
210	206
206	206
206	8
8	7
7	9
9	9
9	210
210	459
459	459
459	205
205	9
9	211
211	210
210	459
459	459
459	198
198	47
47	198
198	19
19	203
203	57
57	397
397	37
37	104
104	105
105	347
347	414
414	414
414	61
61	173
173	414
414	176
176	169
169	173
173	414
414	173
173	414
414	414
414	157
157	347
347	347
347	173
173	414
414	76
76	67
67	76
76	66
66	81
81	76
76	61
61	66
66	324
324	414
414	414
414	70
70	70
70	169
169	347
347	347
347	414
414	67
67	72
72	75
75	414
414	414
414	105
#
178	88
88	35
35	35
35	35
35	35
35	35
35	35
35	88
88	189
189	35
35	35
35	35
35	35
35	35
35	35
35	16
16	28
28	101
101	21
21	145
145	44
44	41
41	41
41	44
44	41
41	101
101	47
47	22
22	22
22	22
22	22
22	101
101	282
282	190
190	190
190	140
140	190
190	235
235	145
145	88
88	140
140	140
140	133
133	8
8	9
9	5
5	134
134	101
101	9
9	145
145	134
134	235
235	137
137	235
235	322
322	102
102	105
105	158
158	153
153	153
153	71
71	153
153	111
111	153
153	153
153	153
153	153
153	153
153	155
155	153
153	153
153	153
#
2	281
281	14
14	14
14	355
355	5
5	266
266	14
14	266
266	213
213	213
213	266
266	144
144	89
89	284
284	266
266	47
47	22
22	22
22	22
22	22
22	22
22	88
88	14
14	266
266	5
5	266
266	134
134	266
266	4
4	4
4	134
134	135
135	9
9	9
9	184
184	5
5	266
266	266
266	56
#
239	14
14	5
5	417
417	14
14	417
417	213
213	13
13	11
11	89
89	417
417	89
89	25
25	179
179	54
54	54
54	54
54	54
54	148
148	40
40	56
56	131
131	362
362	56
#
2	25
25	41
41	41
41	41
41	41
41	41
41	44
44	41
41	41
41	41
41	41
41	37
37	304
304	269
269	492
492	393
393	393
393	43
43	43
43	43
43	44
44	44
44	44
44	44
44	270
270	50
50	30
30	16
16	30
30	9
9	53
53	251
251	28
28	8
8	9
9	9
9	28
28	225
225	47
47	47
47	493
493	22
22	22
22	22
22	22
22	494
494	87
87	87
87	22
22	22
22	22
22	493
493	493
493	36
36	22
22	53
53	22
22	9
9	135
135	91
91	9
9	225
225	322
322	201
201	34
34	251
251	34
34	175
175	190
190	190
190	190
190	19
19	127
127	127
127	19
19	19
19	19
19	201
201	127
127	127
127	127
127	127
127	127
127	270
270	50
50	54
54	54
54	53
53	9
9	136
136	8
8	319
319	492
492	9
9	225
225	251
251	495
495	492
492	273
273	304
304	276
276	9
9	12
12	9
9	275
275	143
143	304
304	307
307	47
47	22
22	277
277	57
57	307
307	307
307	12
12	9
9	55
55	53
53	211
211	37
37	304
304	186
186	336
336	192
192	105
105	347
347	348
348	186
186	71
71	347
347	348
348	66
66	176
176	169
169	348
348	347
347	347
347	326
326	67
67	66
66	81
81	176
176	66
66	63
63	347
347	173
173	326
326	348
348	66
66	324
324	471
471	324
324	326
326	348
348	324
324	326
326	347
347	347
347	67
67	414
414	75
75	73
73	157
157	348
348	326
326	324
324	347
347	348
348	326
326	66
66	326
326	348
348	415
415	348
348	326
326	75
75	173
173	347
347	347
347	348
348	278
278	66
66	66
66	348
348	415
415	348
348	66
66	348
348	347
347	348
348	66
66	347
347	347
347	348
348	67
67	66
66	66
66	348
348	443
443	347
347	348
348	66
66	348
348	348
348	347
347	75
75	347
347	347
347	348
348	84
84	66
66	67
67	110
110	61
61	348
348	347
347	348
348	75
75	348
348	414
414	70
70	496
496	348
348	75
75	328
328	72
72	347
347	347
347	110
110	110
110	348
348	67
67	348
348	347
347	348
348	110
110	348
348	333
333	333
333	347
347	348
348	110
110	110
110	348
348	415
415	348
348	110
110	85
85	348
#
2	43
43	43
43	25
25	44
44	43
43	43
43	44
44	44
44	44
44	234
234	44
44	41
41	44
44	41
41	44
44	41
41	44
44	16
16	145
145	101
101	51
51	49
49	47
47	87
87	47
47	47
47	87
87	101
101	190
190	190
190	190
190	88
88	25
25	96
96	101
101	145
145	102
102	133
133	9
9	96
96	9
9	13
13	9
9	101
101	96
96	96
96	96
96	322
322	102
102	105
105	164
164	168
168	168
168	61
61	169
169	168
168	70
70	168
168	215
215	168
168	170
170	67
67	168
168	168
168	168
168	168
#
239	5
5	282
282	138
138	133
133	9
9	389
389	282
282	282
282	453
453	282
282	89
89	102
102	25
25	54
54	54
54	179
179	54
54	54
54	148
148	282
282	282
282	139
139	184
184	133
133	131
131	9
9	90
90	181
181	147
147	181
181	282
282	147
#
120	144
144	47
47	50
50	22
22	12
12	9
9	17
17	9
9	51
51	49
49	89
89	47
47	87
87	47
47	22
22	22
22	47
47	47
47	22
22	22
22	22
22	22
22	22
22	47
47	46
46	88
88	189
189	101
101	190
190	50
50	190
190	17
17	9
9	190
190	9
9	9
9	145
145	19
19	19
19	34
34	34
34	34
34	127
127	34
34	34
34	145
145	101
101	21
21	148
148	139
139	101
101	13
13	13
13	463
463	463
463	463
463	98
98	133
133	5
5	7
7	9
9	9
9	9
9	55
55	322
322	135
135	463
463	145
145	463
463	101
101	463
463	463
463	463
463	195
195	59
59	454
454	69
69	436
436	454
454	454
454	84
84	74
74	74
74	67
67	454
454	454
454	64
64	70
70	75
75	76
76	84
84	454
454	64
64	454
454	215
215	167
167	167
167	454
454	85
85	172
172	454
454	167
167	454
454	454
454	75
75	75
75	454
454	497
497	454
454	454
#
120	144
144	47
47	16
16	53
53	46
46	47
47	12
12	12
12	9
9	9
9	9
9	389
389	89
89	9
9	389
389	49
49	47
47	22
22	22
22	22
22	22
22	88
88	282
282	101
101	235
235	190
190	182
182	190
190	140
140	190
190	145
145	140
140	133
133	8
8	9
9	134
134	9
9	9
9	9
9	101
101	9
9	134
134	235
235	101
101	184
184	98
98	131
131	322
322	44
44	101
101	90
90	146
146	235
235	101
101	147
#
120	5
5	181
181	140
140	133
133	181
181	10
10	10
10	140
140	8
8	352
352	102
102	25
25	54
54	54
54	179
179	54
54	54
54	148
148	139
139	181
181	139
139	133
133	90
90	9
9	181
181	181
181	181
181	128
128	163
163	168
168	164
164	170
170	170
170	76
76	168
168	69
69	67
67	76
76	76
76	66
66	168
168	169
169	168
168	170
170	168
168	171
171	168
168	70
70	325
325	168
168	168
168	168
#
178	19
19	19
19	19
19	88
88	19
19	34
34	34
34	34
34	19
19	21
21	89
89	89
89	49
49	34
34	34
34	127
127	34
34	34
34	16
16	145
145	101
101	54
54	179
179	54
54	54
54	54
54	148
148	394
394	139
139	190
190	101
101	253
253	13
13	13
13	133
133	394
394	9
9	394
394	322
322	145
145	101
101	394
394	394
394	128
128	163
163	190
190	394
394	164
164	187
187	61
61	187
187	170
170	76
76	76
76	187
187	66
66	187
187	169
169	187
187	70
70	187
187	215
215	187
187	61
61	81
81	187
187	187
187	68
68	187
187	187
187	187
187	2
2	34
34	34
34	32
32	34
34	35
35	34
34	34
34	34
34	34
34	34
34	292
292	140
140	3
3	3
3	36
36	93
93	93
93	93
#
178	19
19	19
19	21
21	19
19	19
19	19
19	19
19	148
148	19
19	453
453	19
19	19
19	34
34	34
34	34
34	127
127	127
127	34
34	34
34	50
50	16
16	9
9	28
28	51
51	145
145	101
101	54
54	54
54	179
179	54
54	54
54	16
16	148
148	9
9	139
139	190
190	101
101	253
253	13
13	190
190	13
13	463
463	463
463	463
463	147
147	5
5	322
322	463
463	463
463	145
145	147
147	147
#
2	3
3	131
131	259
259	102
102	102
102	10
10	10
10	259
259	259
259	89
89	259
259	259
259	25
25	89
89	385
385	128
128	47
47	47
47	47
47	47
47	47
47	47
47	47
47	259
259	259
259	259
259	5
5	95
95	95
95	147
147	259
259	147
147	178
178	498
498	499
499	131
131	256
256	499
499	13
13	11
11	213
213	213
213	499
499	499
499	144
144	384
384	31
31	31
31	44
44	44
44	44
44	44
44	32
32	264
264	500
500	134
134	500
500	5
5	134
134	362
362	184
184	131
131	56
56	362
362	499
499	56
#
178	25
25	54
54	36
36	53
53	9
9	12
12	9
9	9
9	54
54	90
90	136
136	250
250	89
89	391
391	15
15	179
179	54
54	54
54	54
54	54
54	54
54	179
179	54
54	25
25	198
198	190
190	253
253	190
190	318
318	47
47	41
41	47
47	203
203	318
318	47
47	47
47	318
318	49
49	43
43	41
41	43
43	43
43	47
47	47
47	47
47	47
47	318
318	41
41	47
47	22
22	47
47	22
22	22
22	22
22	315
315	49
49	22
22	322
322	33
33	33
33	22
22	317
317	33
33	33
33	33
33	33
33	19
19	19
19	19
19	19
19	19
19	19
19	317
317	317
317	57
57	57
57	34
34	501
501	501
501	206
206	445
445	206
206	206
206	91
91	9
9	12
12	55
55	211
211	104
104	338
338	293
293	204
204	210
210	446
446	12
12	53
53	9
9	391
391	393
393	459
459	210
210	205
205	205
205	12
12	9
9	459
459	104
104	210
210	202
202	202
202	7
7	9
9	12
12	49
49	211
211	55
55	9
9	393
393	393
393	459
459	210
210	58
58	347
347	347
347	416
416	71
71	398
398	347
347	75
75	398
398	398
398	398
398	414
414	416
416	65
65	65
65	398
398	398
398	70
70	347
347	414
414	70
70	75
75	398
398	72
72	398
398	414
414	85
85	416
416	398
398	73
73	279
279	398
#
239	3
3	5
5	102
102	102
102	96
96	102
102	102
102	9
9	96
96	10
10	133
133	96
96	425
425	190
190	88
88	190
190	96
96	41
41	41
41	41
41	41
41	41
41	25
25	128
128	230
230	133
133	96
96	96
96	147
147	5
5	9
9	9
9	9
9	7
7	96
96	147
147	147
#
239	131
131	181
181	133
133	133
133	7
7	213
213	181
181	139
139	139
139	453
453	181
181	133
133	16
16	7
7	181
181	102
102	263
263	9
9	181
181	54
54	54
54	54
54	54
54	54
54	181
181	128
128	128
128	25
25	181
181	128
128	147
147	181
181	147
#
88	120
120	50
50	50
50	47
47	88
88	53
53	9
9	9
9	9
9	12
12	41
41	12
12	9
9	453
453	9
9	9
9	11
11	49
49	41
41	41
41	43
43	43
43	41
41	41
41	47
47	47
47	57
57	57
57	47
47	57
57	22
22	226
226	21
21	22
22	22
22	22
22	22
22	21
21	22
22	409
409	39
39	22
22	22
22	33
33	33
33	33
33	33
33	33
33	33
33	33
33	33
33	33
33	33
33	19
19	19
19	19
19	226
226	19
19	34
34	34
34	357
357	87
87	87
87	34
34	87
87	87
87	34
34	34
34	34
34	57
57	34
34	34
34	34
34	34
34	36
36	53
53	28
28	16
16	27
27	502
502	263
263	54
54	54
54	44
44	44
44	54
54	54
54	54
54	44
44	44
44	54
54	443
443	36
36	53
53	190
190	190
190	141
141	141
141	47
47	141
141	141
141	141
141	47
47	47
47	47
47	47
47	148
148	181
181	138
138	133
133	53
53	9
9	181
181	9
9	181
181	181
181	133
133	7
7	181
181	181
181	133
133	8
8	181
181	181
181	134
134	134
134	181
181	193
193	133
133	282
282	7
7	9
9	282
282	37
37	39
39	181
181	103
103	347
347	348
348	71
71	102
102	76
76	348
348	76
76	348
348	169
169	347
347	278
278	348
348	66
66	84
84	84
84	348
348	71
71	348
348	348
348	239
239	503
503	504
504	505
505	503
503	13
13	505
505	464
464	464
464	256
256	505
505	135
135	182
182	505
505	135
135	505
505	135
135	505
505	453
453	505
505	505
505	503
503	506
506	503
503	505
505	503
503	505
505	224
224	453
453	122
122	122
122	122
122	43
43	43
43	141
141	141
141	57
57	141
141	141
141	141
141	21
21	123
123	505
505	505
505	503
503	504
504	505
505	505
505	264
264	505
505	56
56	105
105	164
164	174
174	71
71	507
507	174
174	508
508	171
171	174
174	174
174	174
174	174
174	69
69	174
174	215
215	507
507	174
174	174
174	174
174	174
#
120	88
88	41
41	41
41	41
41	41
41	11
11	49
49	89
89	88
88	139
139	181
181	98
98	389
389	133
133	133
133	36
36	389
389	12
12	7
7	55
55	181
181	134
134	190
190	181
181	181
181	190
190	181
181	133
133	181
181	12
12	12
12	181
181	193
193	181
181	181
181	133
133	12
12	181
181	181
181	149
149	19
19	181
181	181
181	90
90	147
147	95
95	26
26	181
181	181
181	147
#
160	22
22	25
25	25
25	22
22	22
22	22
22	21
21	22
22	33
33	33
33	33
33	49
49	33
33	453
453	22
22	22
22	22
22	22
22	33
33	19
19	19
19	33
33	33
33	19
19	33
33	19
19	33
33	34
34	87
87	34
34	34
34	57
57	34
34	34
34	389
389	36
36	389
389	145
145	337
337	263
263	54
54	54
54	54
54	54
54	44
44	190
190	190
190	89
89	47
47	47
47	47
47	47
47	47
47	148
148	15
15	259
259	138
138	259
259	259
259	128
128	58
58	158
158	153
153	71
71	155
155	436
436	156
156	402
402	340
340	84
84	340
340	340
340	67
67	76
76	75
75	153
153	153
153	76
76	153
153	153
153	342
342	340
340	99
99	153
153	153
153	66
66	153
153	153
153	424
424	153
153	153
153	155
155	331
#
160	22
22	32
32	22
22	22
22	22
22	21
21	22
22	22
22	22
22	22
22	453
453	49
49	19
19	19
19	33
33	33
33	19
19	33
33	33
33	19
19	87
87	34
34	34
34	34
34	57
57	34
34	34
34	34
34	34
34	389
389	36
36	389
389	145
145	337
337	102
102	102
102	263
263	102
102	132
132	102
102	147
147	101
101	132
132	145
145	55
55	190
190	190
190	132
132	101
101	147
147	280
#
178	34
34	144
144	34
34	34
34	87
87	34
34	34
34	87
87	87
87	234
234	87
87	87
87	87
87	34
34	34
34	34
34	34
34	57
57	34
34	34
34	34
34	34
34	389
389	36
36	36
36	389
389	46
46	28
28	21
21	263
263	54
54	54
54	54
54	54
54	44
44	44
44	36
36	9
9	145
145	101
101	190
190	190
190	47
47	47
47	47
47	47
47	148
148	138
138	96
96	101
101	145
145	133
133	96
96	9
9	101
101	9
9	9
9	9
9	96
96	96
96	101
101	96
96	96
96	101
101	95
95	58
58	158
158	423
423	217
217	217
217	76
76	155
155	61
61	423
423	76
76	111
111	156
156	342
342	423
423	365
365	423
423	423
423	424
424	340
340	340
340	171
171	423
423	75
75	75
75	67
67	155
155	423
423	67
67	178
178	4
4	4
4	423
423	423
423	362
362	5
5	4
4	10
10	362
362	423
423	362
362	312
312	256
256	362
362	475
475	32
32	47
47	141
141	141
141	141
141	47
47	88
88	4
4	362
362	56
56	5
5	4
4	362
362	56
#
178	144
144	34
34	34
34	34
34	34
34	34
34	34
34	34
34	34
34	34
34	34
34	36
36	389
389	36
36	389
389	389
389	9
9	46
46	28
28	99
99	16
16	36
36	55
55	12
12	9
9	121
121	121
121	54
54	54
54	54
54	44
44	54
54	54
54	54
54	54
54	54
54	54
54	44
44	99
99	128
128	128
128	190
190	25
25	190
190	128
128	181
181	134
134	181
181	133
133	9
9	9
9	53
53	181
181	9
9	9
9	181
181	181
181	193
193	181
181	128
128	58
58	158
158	153
153	340
340	67
67	153
153	76
76	153
153	153
153	342
342	153
153	73
73	153
153	153
153	155
155	153
#
120	161
161	5
5	96
96	102
102	102
102	10
10	96
96	96
96	352
352	96
96	96
96	148
148	89
89	87
87	87
87	19
19	87
87	87
87	144
144	96
96	95
95	95
95	96
96	133
133	9
9	7
7	5
5	96
96	146
146	146
146	96
96	147
#
120	148
148	148
148	24
24	24
24	24
24	24
24	189
189	54
54	54
54	54
54	54
54	54
54	44
44	44
44	16
16	136
136	390
390	203
203	32
32	205
205	190
190	190
190	47
47	318
318	47
47	318
318	141
141	306
306	136
136	47
47	47
47	141
141	141
141	47
47	47
47	47
47	16
16	318
318	47
47	7
7	22
22	9
9	99
99	99
99	275
275	55
55	193
193	193
193	319
319	136
136	22
22	22
22	311
311	19
19	19
19	315
315	87
87	19
19	43
43	43
43	87
87	87
87	87
87	315
315	315
315	36
36	34
34	30
30	7
7	9
9	318
318	30
30	275
275	9
9	91
91	193
193	30
30	318
318	55
55	204
204	204
204	390
390	204
204	57
57	57
57	104
104	390
390	12
12	9
9	37
37	322
322	390
390	211
211	206
206	19
19	205
205	141
141	205
205	205
205	7
7	37
37	9
9	55
55	390
390	104
104	322
322	390
390	203
203	323
323	195
195	347
347	416
416	169
169	416
416	324
324	323
323	324
324	416
416	348
348	348
348	324
324	217
217	217
217	78
78	80
80	80
80	80
80	324
324	347
347	324
324	278
278	84
84	348
348	65
65	66
66	66
66	85
85	169
169	416
416	173
173	416
416	509
509	416
416	416
416	324
324	86
86	416
#
1	20
20	20
20	16
16	7
7	91
91	12
12	9
9	9
9	482
482	46
46	18
18	91
91	190
190	190
190	190
190	362
362	14
14	362
362	362
362	4
4	53
53	10
10	10
10	18
18	148
148	362
362	144
144	264
264	362
362	4
4	4
4	7
7	55
55	362
362	9
9	362
362	4
4	56
56	11
11	362
362	56
56	56
#
120	263
263	54
54	16
16	54
54	7
7	482
482	9
9	12
12	99
99	99
99	121
121	46
46	37
37	54
54	54
54	54
54	54
54	44
44	44
44	255
255	128
128	128
128	190
190	13
13	25
25	255
255	190
190	255
255	128
128	133
133	255
255	131
131	9
9	9
9	255
255	195
195	59
59	454
454	69
69	454
454	436
436	454
454	454
454	63
63	63
63	454
454	454
454	454
454	62
62	454
454	76
76	64
64	67
67	70
70	75
75	76
76	76
76	454
454	169
169	215
215	454
454	66
66	454
454	62
62	75
75	454
454	454
454	497
497	454
454	454